20231202_500119080_00:01,0.916848
20231202_500119080_00:02,0.904239
20231202_500119080_00:03,0.940804
20231202_500119080_00:04,0.990337
20231202_500119080_00:05,1.010902
20231202_500119080_00:06,0.992568
20231202_500119080_00:07,0.964796
20231202_500119080_00:08,0.967125
20231202_500119080_00:09,1.005077
20231202_500119080_00:10,1.062228
20231202_500119080_00:11,1.083526
20231202_500119080_00:12,1.059418
20231202_500119080_00:13,1.013308
20231202_500119080_00:14,0.991037
20231202_500119080_00:15,1.021001
20231202_500119080_00:16,1.089562
20231202_500119080_00:17,1.112314
20231202_500119080_00:18,1.138819
20231202_500119080_00:19,1.090079
20231202_500119080_00:21,1.108112
20231202_500119080_00:22,1.163923
20231202_500119080_00:23,1.208399
20231202_500119080_00:24,1.205423
20231202_500119080_00:25,1.157104
20231202_500119080_00:26,1.103709
20231202_500119080_00:27,1.088928
20231202_500119080_00:28,1.112102
20231202_500119080_00:29,1.159332
20231202_500119080_00:30,1.181369
20231202_500119080_00:31,1.115822
20231202_500119080_00:32,1.073601
20231202_500119080_00:33,1.053871
20231202_500119080_00:34,1.068542
20231202_500119080_00:35,1.098091
20231202_500119080_00:36,1.102769
20231202_500119080_00:37,1.101501
20231202_500119080_00:38,1.029663
20231202_500119080_00:39,0.974332
20231202_500119080_00:40,0.968762
20231202_500119080_00:41,1.005460
20231202_500119080_00:42,1.043995
20231202_500119080_00:43,1.039890
20231202_500119080_00:44,0.999138
20231202_500119080_00:45,0.943349
20231202_500119080_00:46,0.947352
20231202_500119080_00:47,0.957180
20231202_500119080_00:48,0.984925
20231202_500119080_00:49,0.972949
20231202_500119080_00:50,0.907575
20231202_500119080_00:51,0.884451
20231202_500119080_00:52,0.857643
20231202_500119080_00:53,0.883893
20231202_500119080_00:54,0.976909
20231202_500119080_00:55,1.008735
20231202_500119080_00:56,1.000215
20231202_500119080_00:57,0.930316
20231202_500119080_00:58,0.923302
20231202_500119080_00:59,0.958923
20231202_500119080_01:01,1.048230
20231202_500119080_01:02,1.039209
20231202_500119080_01:03,0.998540
20231202_500119080_01:04,0.969740
20231202_500119080_01:05,1.031085
20231202_500119080_01:06,1.055647
20231202_500119080_01:07,1.129934
20231202_500119080_01:08,1.166716
20231202_500119080_01:09,1.161141
20231202_500119080_01:10,1.150113
20231202_500119080_01:11,1.170384
20231202_500119080_01:12,1.225781
20231202_500119080_01:13,1.240394
20231202_500119080_01:14,1.256173
20231202_500119080_01:15,1.221684
20231202_500119080_01:16,1.211038
20231202_500119080_01:17,1.187992
20231202_500119080_01:18,1.214827
20231202_500119080_01:19,1.268444
20231202_500119080_01:21,1.295696
20231202_500119080_01:23,1.235294
20231202_500119080_01:24,1.208399
20231202_500119080_01:26,1.269870
20231202_500119080_01:27,1.243349
20231202_500119080_01:29,1.118329
20231202_500119080_01:30,1.103878
20231202_500119080_01:31,1.136227
20231202_500119080_01:33,1.146536
20231202_500119080_01:34,1.116230
20231202_500119080_01:35,1.076048
20231202_500119080_01:36,1.065172
20231202_500119080_01:37,1.093389
20231202_500119080_01:38,1.130698
20231202_500119080_01:39,1.134538
20231202_500119080_01:41,1.032804
20231202_500119080_01:42,0.994423
20231202_500119080_01:43,1.009230
20231202_500119080_01:44,1.050974
20231202_500119080_01:45,1.105236
20231202_500119080_01:46,1.145880
20231202_500119080_01:47,1.117472
20231202_500119080_01:48,1.068449
20231202_500119080_01:49,1.075964
20231202_500119080_01:51,1.219943
20231202_500119080_01:52,1.221346
20231202_500119080_01:53,1.183044
20231202_500119080_01:54,1.143656
20231202_500119080_01:55,1.145717
20231202_500119080_01:56,1.198839
20231202_500119080_01:57,0.668563
20231202_500119080_01:58,0.655204
20231202_500119080_01:59,0.654388
20231202_500119080_02:01,0.687633
20231202_500119080_02:02,0.714577
20231202_500119080_02:03,0.723103
20231202_500119080_02:04,0.703374
20231202_500119080_02:05,0.668464
20231202_500119080_02:06,0.669879
20231202_500119080_02:07,0.680611
20231202_500119080_02:08,0.722718
20231202_500119080_02:09,0.775353
20231202_500119080_02:11,0.871691
20231202_500119080_02:12,0.872660
20231202_500119080_02:13,0.910863
20231202_500119080_02:14,0.956879
20231202_500119080_02:15,1.016107
20231202_500119080_02:16,1.016574
20231202_500119080_02:17,0.982673
20231202_500119080_02:18,0.935291
20231202_500119080_02:19,0.925674
20231202_500119080_02:21,0.925056
20231202_500119080_02:22,0.929951
20231202_500119080_02:23,0.914082
20231202_500119080_02:24,0.912478
20231202_500119080_02:26,0.883418
20231202_500119080_02:27,0.907895
20231202_500119080_02:28,0.898654
20231202_500119080_02:29,0.859124
20231202_500119080_02:30,0.803381
20231202_500119080_02:31,0.752533
20231202_500119080_02:32,0.732211
20231202_500119080_02:33,0.759968
20231202_500119080_02:34,0.812196
20231202_500119080_02:35,0.870853
20231202_500119080_02:36,0.893284
20231202_500119080_02:37,0.914578
20231202_500119080_02:38,0.974414
20231202_500119080_02:39,1.020064
20231202_500119080_02:40,1.058275
20231202_500119080_02:41,1.067220
20231202_500119080_02:42,1.042066
20231202_500119080_02:43,1.001036
20231202_500119080_02:44,0.971654
20231202_500119080_02:45,0.968977
20231202_500119080_02:46,0.984910
20231202_500119080_02:47,0.997627
20231202_500119080_02:48,0.992001
20231202_500119080_02:49,0.972243
20231202_500119080_02:50,0.929751
20231202_500119080_02:51,0.953409
20231202_500119080_02:52,0.958467
20231202_500119080_02:53,0.950080
20231202_500119080_02:54,0.913654
20231202_500119080_02:55,0.856217
20231202_500119080_02:56,0.803447
20231202_500119080_02:57,1.323008
20231202_500119080_02:58,1.311288
20231202_500119080_02:59,1.352116
20231202_500119080_03:00,1.398916
20231202_500119080_03:01,1.410999
20231202_500119080_03:02,1.381552
20231202_500119080_03:03,1.342175
20231202_500119080_03:04,1.373377
20231202_500119080_03:05,1.400275
20231202_500119080_03:06,1.433504
20231202_500119080_03:07,1.430870
20231202_500119080_03:08,1.378675
20231202_500119080_03:09,1.306139
20231202_500119080_03:10,1.252343
20231202_500119080_03:11,1.258984
20231202_500119080_03:12,1.298240
20231202_500119080_03:13,1.325499
20231202_500119080_03:14,1.311488
20231202_500119080_03:15,1.267795
20231202_500119080_03:16,1.242705
20231202_500119080_03:17,1.248228
20231202_500119080_03:18,1.282830
20231202_500119080_03:19,1.305560
20231202_500119080_03:21,1.219075
20231202_500119080_03:22,1.115879
20231202_500119080_03:23,1.098603
20231202_500119080_03:24,1.131559
20231202_500119080_03:25,1.180254
20231202_500119080_03:26,1.210404
20231202_500119080_03:27,1.192356
20231202_500119080_03:28,1.120585
20231202_500119080_03:29,1.118540
20231202_500119080_03:30,1.155643
20231202_500119080_03:31,1.202835
20231202_500119080_03:32,1.224946
20231202_500119080_03:33,1.201496
20231202_500119080_03:34,1.153497
20231202_500119080_03:35,1.126520
20231202_500119080_03:36,1.151083
20231202_500119080_03:37,1.216180
20231202_500119080_03:38,1.279807
20231202_500119080_03:39,1.306637
20231202_500119080_03:40,1.294783
20231202_500119080_03:41,1.281247
20231202_500119080_03:42,1.302997
20231202_500119080_03:43,1.355185
20231202_500119080_03:44,1.398790
20231202_500119080_03:45,1.396226
20231202_500119080_03:46,1.346804
20231202_500119080_03:47,1.289192
20231202_500119080_03:48,1.259591
20231202_500119080_03:49,1.286962
20231202_500119080_03:50,1.332342
20231202_500119080_03:51,1.393187
20231202_500119080_03:52,1.368257
20231202_500119080_03:53,1.322511
20231202_500119080_03:54,1.297014
20231202_500119080_03:55,1.310804
20231202_500119080_03:56,1.339985
20231202_500119080_03:57,1.343799
20231202_500119080_03:58,1.300283
20231202_500119080_03:59,1.225302
20231202_500119080_04:00,1.164026
20231202_500119080_04:01,1.151750
20231202_500119080_04:02,1.223875
20231202_500119080_04:03,1.212332
20231202_500119080_04:04,1.205511
20231202_500119080_04:05,1.162097
20231202_500119080_04:06,1.126183
20231202_500119080_04:07,1.116504
20231202_500119080_04:08,1.142836
20231202_500119080_04:09,1.169466
20231202_500119080_04:10,1.156483
20231202_500119080_04:11,1.097517
20231202_500119080_04:12,1.027571
20231202_500119080_04:13,0.993291
20231202_500119080_04:14,1.012445
20231202_500119080_04:15,1.059321
20231202_500119080_04:16,1.089088
20231202_500119080_04:17,1.078560
20231202_500119080_04:18,1.037488
20231202_500119080_04:19,1.023822
20231202_500119080_04:21,1.106698
20231202_500119080_04:22,1.143046
20231202_500119080_04:23,1.132420
20231202_500119080_04:24,1.087454
20231202_500119080_04:25,1.052879
20231202_500119080_04:26,1.066437
20231202_500119080_04:27,1.125844
20231202_500119080_04:28,1.191711
20231202_500119080_04:29,1.223454
20231202_500119080_04:30,1.215186
20231202_500119080_04:31,1.198860
20231202_500119080_04:32,1.170596
20231202_500119080_04:33,1.220147
20231202_500119080_04:34,1.273347
20231202_500119080_04:35,1.288030
20231202_500119080_04:36,1.251739
20231202_500119080_04:37,1.194786
20231202_500119080_04:38,1.164586
20231202_500119080_04:39,1.184303
20231202_500119080_04:40,1.233277
20231202_500119080_04:41,1.266822
20231202_500119080_04:42,1.265550
20231202_500119080_04:44,1.195542
20231202_500119080_04:45,1.203736
20231202_500119080_04:46,1.238649
20231202_500119080_04:47,1.258899
20231202_500119080_04:48,1.189872
20231202_500119080_04:49,1.122000
20231202_500119080_04:50,1.056429
20231202_500119080_04:51,1.034704
20231202_500119080_04:52,1.061068
20231202_500119080_04:53,1.099923
20231202_500119080_04:54,1.108833
20231202_500119080_04:55,1.076681
20231202_500119080_04:56,1.032129
20231202_500119080_04:57,1.015044
20231202_500119080_04:58,1.046302
20231202_500119080_04:59,1.080795
20231202_500119080_05:01,0.996746
20231202_500119080_05:02,0.927743
20231202_500119080_05:03,0.883164
20231202_500119080_05:04,0.891451
20231202_500119080_05:05,0.937515
20231202_500119080_05:06,0.977617
20231202_500119080_05:07,1.011136
20231202_500119080_05:08,0.985223
20231202_500119080_05:09,0.934700
20231202_500119080_05:10,0.914786
20231202_500119080_05:11,0.966672
20231202_500119080_05:13,1.015133
20231202_500119080_05:14,0.967118
20231202_500119080_05:15,0.924770
20231202_500119080_05:16,0.923323
20231202_500119080_05:17,1.014239
20231202_500119080_05:18,1.082103
20231202_500119080_05:19,1.124085
20231202_500119080_05:21,1.103133
20231202_500119080_05:22,1.104283
20231202_500119080_05:23,1.135471
20231202_500119080_05:24,1.189949
20231202_500119080_05:25,1.215442
20231202_500119080_05:26,1.230406
20231202_500119080_05:27,1.171561
20231202_500119080_05:28,1.127520
20231202_500119080_05:29,1.131294
20231202_500119080_05:31,1.212149
20231202_500119080_05:32,1.211132
20231202_500119080_05:33,1.172478
20231202_500119080_05:34,1.132595
20231202_500119080_05:35,1.118154
20231202_500119080_05:36,1.146073
20231202_500119080_05:37,1.171306
20231202_500119080_05:38,1.154606
20231202_500119080_05:39,1.091166
20231202_500119080_05:41,0.978378
20231202_500119080_05:42,0.991348
20231202_500119080_05:43,1.028836
20231202_500119080_05:44,1.046007
20231202_500119080_05:45,1.020963
20231202_500119080_05:46,0.973330
20231202_500119080_05:47,0.944085
20231202_500119080_05:48,0.997357
20231202_500119080_05:49,0.989840
20231202_500119080_05:51,0.969003
20231202_500119080_05:52,0.900974
20231202_500119080_05:53,0.845154
20231202_500119080_05:54,0.838831
20231202_500119080_05:55,0.887246
20231202_500119080_05:56,0.933717
20231202_500119080_05:57,0.947516
20231202_500119080_05:58,0.924809
20231202_500119080_05:59,0.857242
20231202_500119080_06:00,0.865704
20231202_500119080_06:01,0.955401
20231202_500119080_06:02,1.009645
20231202_500119080_06:03,0.986723
20231202_500119080_06:04,0.958906
20231202_500119080_06:05,0.915861
20231202_500119080_06:06,0.904481
20231202_500119080_06:07,0.946054
20231202_500119080_06:08,1.018001
20231202_500119080_06:09,1.083505
20231202_500119080_06:11,1.084543
20231202_500119080_06:12,1.082559
20231202_500119080_06:13,1.085631
20231202_500119080_06:14,1.146557
20231202_500119080_06:15,1.148367
20231202_500119080_06:16,1.142129
20231202_500119080_06:17,1.103226
20231202_500119080_06:18,1.057912
20231202_500119080_06:19,1.055403
20231202_500119080_06:21,1.108579
20231202_500119080_06:22,1.127671
20231202_500119080_06:23,1.104483
20231202_500119080_06:24,1.068873
20231202_500119080_06:25,1.060470
20231202_500119080_06:26,1.090264
20231202_500119080_06:27,1.129169
20231202_500119080_06:28,1.134450
20231202_500119080_06:29,1.089823
20231202_500119080_06:30,1.022204
20231202_500119080_06:31,0.987857
20231202_500119080_06:32,0.996678
20231202_500119080_06:33,0.998861
20231202_500119080_06:34,1.024993
20231202_500119080_06:35,1.027773
20231202_500119080_06:36,0.990565
20231202_500119080_06:37,0.960928
20231202_500119080_06:38,0.969754
20231202_500119080_06:39,1.009568
20231202_500119080_06:40,1.040388
20231202_500119080_06:41,1.026620
20231202_500119080_06:42,0.971027
20231202_500119080_06:43,0.914293
20231202_500119080_06:44,0.900089
20231202_500119080_06:45,0.937187
20231202_500119080_06:46,0.992943
20231202_500119080_06:47,1.023777
20231202_500119080_06:48,1.014563
20231202_500119080_06:49,0.990878
20231202_500119080_06:50,1.001846
20231202_500119080_06:51,1.004781
20231202_500119080_06:52,1.059128
20231202_500119080_06:53,1.090736
20231202_500119080_06:54,1.076960
20231202_500119080_06:55,1.036352
20231202_500119080_06:56,1.014042
20231202_500119080_06:57,1.042563
20231202_500119080_06:58,1.113578
20231202_500119080_06:59,1.186039
20231202_500119080_07:00,1.223059
20231202_500119080_07:01,1.221773
20231202_500119080_07:02,1.214855
20231202_500119080_07:03,1.242181
20231202_500119080_07:04,1.259895
20231202_500119080_07:05,1.313576
20231202_500119080_07:06,1.322660
20231202_500119080_07:07,1.283667
20231202_500119080_07:08,1.233526
20231202_500119080_07:09,1.217886
20231202_500119080_07:10,1.251339
20231202_500119080_07:11,1.305172
20231202_500119080_07:12,1.336015
20231202_500119080_07:13,1.313703
20231202_500119080_07:14,1.276826
20231202_500119080_07:15,1.299632
20231202_500119080_07:16,1.317103
20231202_500119080_07:17,1.352053
20231202_500119080_07:18,1.366999
20231202_500119080_07:19,1.335104
20231202_500119080_07:21,1.215257
20231202_500119080_07:22,1.208249
20231202_500119080_07:23,1.205157
20231202_500119080_07:24,1.251168
20231202_500119080_07:25,1.259022
20231202_500119080_07:26,1.226439
20231202_500119080_07:27,1.190188
20231202_500119080_07:28,1.179457
20231202_500119080_07:29,1.215151
20231202_500119080_07:30,1.225992
20231202_500119080_07:31,1.225650
20231202_500119080_07:32,1.178417
20231202_500119080_07:33,1.117283
20231202_500119080_07:34,1.080826
20231202_500119080_07:35,1.106717
20231202_500119080_07:36,1.204503
20231202_500119080_07:37,1.246076
20231202_500119080_07:38,1.247614
20231202_500119080_07:39,1.225020
20231202_500119080_07:40,1.183801
20231202_500119080_07:41,1.191325
20231202_500119080_07:42,1.247757
20231202_500119080_07:43,1.316512
20231202_500119080_07:44,1.287958
20231202_500119080_07:45,1.235486
20231202_500119080_07:46,1.185945
20231202_500119080_07:47,1.193011
20231202_500119080_07:48,1.272466
20231202_500119080_07:49,1.378912
20231202_500119080_07:50,1.445318
20231202_500119080_07:51,1.433367
20231202_500119080_07:52,1.387929
20231202_500119080_07:53,1.372836
20231202_500119080_07:54,1.419789
20231202_500119080_07:55,1.499304
20231202_500119080_07:56,1.548706
20231202_500119080_07:57,1.531128
20231202_500119080_07:58,1.478604
20231202_500119080_07:59,1.400573
20231202_500119080_08:01,1.502744
20231202_500119080_08:02,1.580628
20231202_500119080_08:03,1.577727
20231202_500119080_08:04,1.527498
20231202_500119080_08:05,1.462877
20231202_500119080_08:06,1.448907
20231202_500119080_08:07,1.491745
20231202_500119080_08:08,1.541806
20231202_500119080_08:09,1.541108
20231202_500119080_08:10,1.478597
20231202_500119080_08:11,1.394458
20231202_500119080_08:12,1.375912
20231202_500119080_08:13,1.413944
20231202_500119080_08:14,1.498415
20231202_500119080_08:15,1.538890
20231202_500119080_08:16,1.509663
20231202_500119080_08:17,1.440265
20231202_500119080_08:18,1.394766
20231202_500119080_08:19,1.412333
20231202_500119080_08:21,1.471721
20231202_500119080_08:22,1.448707
20231202_500119080_08:23,1.379414
20231202_500119080_08:24,1.326085
20231202_500119080_08:25,1.300928
20231202_500119080_08:26,1.376452
20231202_500119080_08:27,1.464764
20231202_500119080_08:28,1.527545
20231202_500119080_08:29,1.523372
20231202_500119080_08:31,1.365126
20231202_500119080_08:32,1.413707
20231202_500119080_08:33,1.488177
20231202_500119080_08:34,1.477832
20231202_500119080_08:35,1.443263
20231202_500119080_08:36,1.380192
20231202_500119080_08:37,1.367372
20231202_500119080_08:38,1.428836
20231202_500119080_08:39,1.533535
20231202_500119080_08:40,1.622391
20231202_500119080_08:41,1.655269
20231202_500119080_08:42,1.589842
20231202_500119080_08:43,1.559281
20231202_500119080_08:44,1.587782
20231202_500119080_08:45,1.661685
20231202_500119080_08:46,1.682269
20231202_500119080_08:47,1.679395
20231202_500119080_08:48,1.629029
20231202_500119080_08:49,1.574482
20231202_500119080_08:50,1.579938
20231202_500119080_08:51,1.647667
20231202_500119080_08:52,1.683385
20231202_500119080_08:53,1.742620
20231202_500119080_08:54,1.652790
20231202_500119080_08:55,1.577895
20231202_500119080_08:56,1.541646
20231202_500119080_08:58,1.612982
20231202_500119080_08:59,1.623272
20231202_500119080_09:01,1.524631
20231202_500119080_09:03,1.486530
20231202_500119080_09:04,1.557081
20231202_500119080_09:05,1.645791
20231202_500119080_09:06,1.628243
20231202_500119080_09:08,1.506367
20231202_500119080_09:09,1.544128
20231202_500119080_09:11,1.574824
20231202_500119080_09:12,1.559369
20231202_500119080_09:13,1.491281
20231202_500119080_09:14,1.443481
20231202_500119080_09:15,1.454171
20231202_500119080_09:16,1.490519
20231202_500119080_09:18,1.638039
20231202_500119080_09:19,1.610190
20231202_500119080_09:21,1.627348
20231202_500119080_09:22,1.681489
20231202_500119080_09:23,1.701697
20231202_500119080_09:25,1.658475
20231202_500119080_09:26,1.637166
20231202_500119080_09:27,1.655716
20231202_500119080_09:28,1.701761
20231202_500119080_09:29,1.747468
20231202_500119080_09:31,1.784279
20231202_500119080_09:32,1.781995
20231202_500119080_09:33,1.806937
20231202_500119080_09:34,1.859936
20231202_500119080_09:35,1.911196
20231202_500119080_09:36,1.925548
20231202_500119080_09:37,1.894565
20231202_500119080_09:38,1.841712
20231202_500119080_09:39,1.808692
20231202_500119080_09:41,1.804315
20231202_500119080_09:42,1.785304
20231202_500119080_09:43,1.815192
20231202_500119080_09:45,1.686358
20231202_500119080_09:46,1.702118
20231202_500119080_09:47,1.735996
20231202_500119080_09:48,1.750490
20231202_500119080_09:49,1.723345
20231202_500119080_09:50,1.707833
20231202_500119080_09:52,1.565972
20231202_500119080_09:53,1.566809
20231202_500119080_09:55,1.647197
20231202_500119080_09:56,1.704374
20231202_500119080_09:57,1.597365
20231202_500119080_09:58,1.526619
20231202_500119080_09:59,1.512284
20231202_500119080_10:01,1.564707
20231202_500119080_10:02,1.572412
20231202_500119080_10:03,1.477688
20231202_500119080_10:04,1.402590
20231202_500119080_10:05,1.370549
20231202_500119080_10:06,1.407165
20231202_500119080_10:07,1.483803
20231202_500119080_10:08,1.534017
20231202_500119080_10:09,1.477286
20231202_500119080_10:10,1.452114
20231202_500119080_10:11,1.401909
20231202_500119080_10:12,1.411891
20231202_500119080_10:13,1.509766
20231202_500119080_10:14,1.567373
20231202_500119080_10:15,1.552860
20231202_500119080_10:16,1.496917
20231202_500119080_10:17,1.449576
20231202_500119080_10:18,1.466860
20231202_500119080_10:19,1.559181
20231202_500119080_10:21,1.656230
20231202_500119080_10:22,1.682687
20231202_500119080_10:23,1.637292
20231202_500119080_10:24,1.581243
20231202_500119080_10:25,1.678379
20231202_500119080_10:26,1.750155
20231202_500119080_10:27,1.782464
20231202_500119080_10:28,1.747721
20231202_500119080_10:29,1.679152
20231202_500119080_10:31,1.668766
20231202_500119080_10:32,1.779396
20231202_500119080_10:33,1.833194
20231202_500119080_10:34,1.818202
20231202_500119080_10:35,1.746508
20231202_500119080_10:36,1.737491
20231202_500119080_10:37,1.779278
20231202_500119080_10:38,1.816210
20231202_500119080_10:39,1.817405
20231202_500119080_10:40,1.812879
20231202_500119080_10:41,1.762695
20231202_500119080_10:42,1.701773
20231202_500119080_10:43,1.710535
20231202_500119080_10:44,1.771219
20231202_500119080_10:45,1.754325
20231202_500119080_10:47,1.719408
20231202_500119080_10:48,1.711817
20231202_500119080_10:49,1.700550
20231202_500119080_10:50,1.734433
20231202_500119080_10:51,1.748094
20231202_500119080_10:52,1.719345
20231202_500119080_10:53,1.659144
20231202_500119080_10:54,1.605568
20231202_500119080_10:55,1.553517
20231202_500119080_10:56,1.567900
20231202_500119080_10:57,1.623783
20231202_500119080_10:58,1.628040
20231202_500119080_10:59,1.579346
20231202_500119080_11:01,1.587948
20231202_500119080_11:02,1.636231
20231202_500119080_11:03,1.654112
20231202_500119080_11:04,1.674980
20231202_500119080_11:05,1.624293
20231202_500119080_11:06,1.593491
20231202_500119080_11:07,1.582761
20231202_500119080_11:08,1.577108
20231202_500119080_11:11,1.653365
20231202_500119080_11:12,1.653883
20231202_500119080_11:13,1.666721
20231202_500119080_11:14,1.671412
20231202_500119080_11:15,1.692939
20231202_500119080_11:16,1.727669
20231202_500119080_11:17,1.717510
20231202_500119080_11:18,1.668334
20231202_500119080_11:19,1.585505
20231202_500119080_11:21,1.614804
20231202_500119080_11:22,1.669385
20231202_500119080_11:23,1.667801
20231202_500119080_11:24,1.638755
20231202_500119080_11:25,1.607366
20231202_500119080_11:26,1.603189
20231202_500119080_11:27,1.597774
20231202_500119080_11:28,1.625169
20231202_500119080_11:29,1.588521
20231202_500119080_11:31,1.444213
20231202_500119080_11:32,1.392181
20231202_500119080_11:33,1.388723
20231202_500119080_11:34,1.402554
20231202_500119080_11:35,1.414193
20231202_500119080_11:36,1.365662
20231202_500119080_11:37,1.341164
20231202_500119080_11:38,1.325574
20231202_500119080_11:39,1.294019
20231202_500119080_11:40,1.285893
20231202_500119080_11:41,1.264132
20231202_500119080_11:47,1.241673
20231202_500119080_11:48,1.350155
20231202_500119080_11:49,1.424658
20231202_500119080_11:51,1.330656
20231202_500119080_11:52,1.275919
20231202_500119080_11:53,1.319915
20231202_500119080_11:54,1.381666
20231202_500119080_11:55,1.377749
20231202_500119080_11:56,1.355874
20231202_500119080_11:57,1.265222
20231202_500119080_11:58,1.330540
20231202_500119080_11:59,1.388506
20231202_500119080_12:01,1.576230
20231202_500119080_12:02,1.593465
20231202_500119080_12:03,1.543878
20231202_500119080_12:05,1.586771
20231202_500119080_12:06,1.657626
20231202_500119080_12:07,1.622022
20231202_500119080_12:08,1.561406
20231202_500119080_12:09,1.466314
20231202_500119080_12:11,1.545312
20231202_500119080_12:12,1.626206
20231202_500119080_12:13,1.678130
20231202_500119080_12:14,1.693072
20231202_500119080_12:15,1.722377
20231202_500119080_12:16,1.751380
20231202_500119080_12:17,1.839812
20231202_500119080_12:18,1.854991
20231202_500119080_12:19,1.928824
20231202_500119080_12:21,1.861386
20231202_500119080_12:22,1.873613
20231202_500119080_12:23,1.905291
20231202_500119080_12:24,1.955654
20231202_500119080_12:25,1.988191
20231202_500119080_12:26,1.982139
20231202_500119080_12:27,1.973219
20231202_500119080_12:28,1.955052
20231202_500119080_12:29,1.967210
20231202_500119080_12:31,1.924468
20231202_500119080_12:32,1.874884
20231202_500119080_12:34,1.728539
20231202_500119080_12:36,1.779645
20231202_500119080_12:37,1.839826
20231202_500119080_12:39,1.872185
20231202_500119080_12:40,1.874941
20231202_500119080_12:41,1.857247
20231202_500119080_12:42,1.897571
20231202_500119080_12:43,1.953076
20231202_500119080_12:44,1.970638
20231202_500119080_12:45,1.945427
20231202_500119080_12:46,1.910745
20231202_500119080_12:47,1.861558
20231202_500119080_12:48,1.919446
20231202_500119080_12:49,2.002512
20231202_500119080_12:50,2.055855
20231202_500119080_12:51,2.073329
20231202_500119080_12:52,2.068418
20231202_500119080_12:53,2.042667
20231202_500119080_12:54,2.067006
20231202_500119080_12:55,2.126382
20231202_500119080_12:56,2.123087
20231202_500119080_12:57,2.091051
20231202_500119080_12:58,2.021829
20231202_500119080_12:59,1.957280
20231202_500119080_13:01,1.979949
20231202_500119080_13:02,1.995074
20231202_500119080_13:03,2.048933
20231202_500119080_13:04,2.038260
20231202_500119080_13:05,2.024683
20231202_500119080_13:06,2.007680
20231202_500119080_13:07,2.063609
20231202_500119080_13:08,2.095682
20231202_500119080_13:09,2.090857
20231202_500119080_13:10,2.063334
20231202_500119080_13:11,1.993166
20231202_500119080_13:12,1.933899
20231202_500119080_13:13,1.918616
20231202_500119080_13:14,1.940222
20231202_500119080_13:15,1.969131
20231202_500119080_13:16,2.056928
20231202_500119080_13:17,2.063845
20231202_500119080_13:18,2.013015
20231202_500119080_13:19,1.946964
20231202_500119080_13:21,1.919797
20231202_500119080_13:22,1.927184
20231202_500119080_13:23,1.926560
20231202_500119080_13:24,1.858386
20231202_500119080_13:25,1.792860
20231202_500119080_13:26,1.746831
20231202_500119080_13:27,1.790647
20231202_500119080_13:28,1.862687
20231202_500119080_13:29,1.967125
20231202_500119080_13:31,1.924075
20231202_500119080_13:32,1.852869
20231202_500119080_13:33,1.855521
20231202_500119080_13:34,1.921224
20231202_500119080_13:35,1.900030
20231202_500119080_13:36,1.885114
20231202_500119080_13:37,1.856946
20231202_500119080_13:38,1.835325
20231202_500119080_13:39,1.872236
20231202_500119080_13:40,1.958769
20231202_500119080_13:41,2.045215
20231202_500119080_13:42,2.115891
20231202_500119080_13:43,2.099061
20231202_500119080_13:44,2.021264
20231202_500119080_13:45,2.002997
20231202_500119080_13:46,2.021506
20231202_500119080_13:47,2.076489
20231202_500119080_13:48,2.069381
20231202_500119080_13:49,2.019315
20231202_500119080_13:50,1.960429
20231202_500119080_13:51,1.942340
20231202_500119080_13:52,1.958313
20231202_500119080_13:53,2.033266
20231202_500119080_13:54,2.085246
20231202_500119080_13:55,2.079781
20231202_500119080_13:56,2.059439
20231202_500119080_13:57,2.012305
20231202_500119080_13:58,2.002460
20231202_500119080_13:59,1.995653
20231202_500119080_14:01,2.001022
20231202_500119080_14:02,1.936713
20231202_500119080_14:03,1.914575
20231202_500119080_14:04,1.917824
20231202_500119080_14:05,1.973739
20231202_500119080_14:06,2.009548
20231202_500119080_14:07,2.027510
20231202_500119080_14:08,2.013002
20231202_500119080_14:09,1.944228
20231202_500119080_14:10,1.895555
20231202_500119080_14:11,1.886051
20231202_500119080_14:12,1.864311
20231202_500119080_14:13,1.843048
20231202_500119080_14:14,1.779943
20231202_500119080_14:15,1.704435
20231202_500119080_14:16,1.694016
20231202_500119080_14:17,1.750107
20231202_500119080_14:18,1.818876
20231202_500119080_14:19,1.875358
20231202_500119080_14:21,1.844921
20231202_500119080_14:22,1.772448
20231202_500119080_14:23,1.770122
20231202_500119080_14:24,1.804753
20231202_500119080_14:25,1.838460
20231202_500119080_14:26,1.835377
20231202_500119080_14:27,1.769602
20231202_500119080_14:28,1.741533
20231202_500119080_14:29,1.795344
20231202_500119080_14:31,2.002735
20231202_500119080_14:32,2.062208
20231202_500119080_14:33,2.061599
20231202_500119080_14:34,1.998575
20231202_500119080_14:35,1.978757
20231202_500119080_14:36,1.997337
20231202_500119080_14:37,2.034559
20231202_500119080_14:38,2.048434
20231202_500119080_14:39,2.017889
20231202_500119080_14:40,1.966598
20231202_500119080_14:41,1.944496
20231202_500119080_14:42,1.983243
20231202_500119080_14:43,2.093270
20231202_500119080_14:44,2.168163
20231202_500119080_14:45,2.161831
20231202_500119080_14:46,2.132746
20231202_500119080_14:47,2.093066
20231202_500119080_14:48,2.085068
20231202_500119080_14:49,2.113643
20231202_500119080_14:50,2.144170
20231202_500119080_14:51,2.138106
20231202_500119080_14:52,2.092609
20231202_500119080_14:53,2.046704
20231202_500119080_14:54,2.049385
20231202_500119080_14:55,2.108335
20231202_500119080_14:56,2.159950
20231202_500119080_14:57,2.215448
20231202_500119080_14:58,2.260802
20231202_500119080_14:59,2.197102
20231202_500119080_15:01,2.114347
20231202_500119080_15:02,2.121887
20231202_500119080_15:03,2.155428
20231202_500119080_15:04,2.130877
20231202_500119080_15:05,2.078409
20231202_500119080_15:06,2.013369
20231202_500119080_15:07,2.025701
20231202_500119080_15:08,2.115284
20231202_500119080_15:09,2.244998
20231202_500119080_15:11,2.319794
20231202_500119080_15:12,2.257068
20231202_500119080_15:13,2.217160
20231202_500119080_15:14,2.240267
20231202_500119080_15:15,2.299244
20231202_500119080_15:16,2.329829
20231202_500119080_15:17,2.296243
20231202_500119080_15:18,2.230211
20231202_500119080_15:19,2.205961
20231202_500119080_15:21,2.383599
20231202_500119080_15:22,2.507981
20231202_500119080_15:23,2.551183
20231202_500119080_15:24,2.510121
20231202_500119080_15:25,2.446016
20231202_500119080_15:26,2.425513
20231202_500119080_15:27,2.477730
20231202_500119080_15:28,2.510951
20231202_500119080_15:29,2.471968
20231202_500119080_15:31,2.369622
20231202_500119080_15:32,2.390513
20231202_500119080_15:33,2.435303
20231202_500119080_15:34,2.515550
20231202_500119080_15:35,2.578330
20231202_500119080_15:36,2.556720
20231202_500119080_15:37,2.539984
20231202_500119080_15:38,2.516701
20231202_500119080_15:39,2.503778
20231202_500119080_15:41,2.532788
20231202_500119080_15:42,2.518014
20231202_500119080_15:43,2.460353
20231202_500119080_15:44,2.438334
20231202_500119080_15:45,2.431115
20231202_500119080_15:46,2.519508
20231202_500119080_15:47,2.571924
20231202_500119080_15:48,2.538955
20231202_500119080_15:49,2.531840
20231202_500119080_15:51,2.443300
20231202_500119080_15:52,2.422233
20231202_500119080_15:53,2.422922
20231202_500119080_15:54,2.382355
20231202_500119080_15:55,2.308979
20231202_500119080_15:56,2.249713
20231202_500119080_15:57,2.249972
20231202_500119080_15:58,2.335701
20231202_500119080_15:59,2.419360
20231202_500119080_16:01,2.448220
20231202_500119080_16:02,2.412424
20231202_500119080_16:03,2.364342
20231202_500119080_16:04,2.373731
20231202_500119080_16:05,2.363971
20231202_500119080_16:06,2.359018
20231202_500119080_16:07,2.351341
20231202_500119080_16:08,2.313438
20231202_500119080_16:09,2.292919
20231202_500119080_16:11,2.423560
20231202_500119080_16:12,2.509080
20231202_500119080_16:13,2.534372
20231202_500119080_16:14,2.506416
20231202_500119080_16:15,2.466311
20231202_500119080_16:16,2.430150
20231202_500119080_16:17,2.455639
20231202_500119080_16:18,2.505960
20231202_500119080_16:19,2.488266
20231202_500119080_16:21,2.407951
20231202_500119080_16:22,2.377994
20231202_500119080_16:23,2.405955
20231202_500119080_16:24,2.481764
20231202_500119080_16:25,2.531954
20231202_500119080_16:26,2.492279
20231202_500119080_16:27,2.484765
20231202_500119080_16:28,2.444348
20231202_500119080_16:29,2.443131
20231202_500119080_16:31,2.468438
20231202_500119080_16:32,2.427471
20231202_500119080_16:33,2.361134
20231202_500119080_16:34,2.318011
20231202_500119080_16:35,2.332843
20231202_500119080_16:36,2.393477
20231202_500119080_16:37,2.438411
20231202_500119080_16:38,2.426604
20231202_500119080_16:39,2.387964
20231202_500119080_16:41,2.280889
20231202_500119080_16:42,2.276734
20231202_500119080_16:43,2.276124
20231202_500119080_16:44,2.237458
20231202_500119080_16:45,2.155867
20231202_500119080_16:46,2.088585
20231202_500119080_16:47,2.058914
20231202_500119080_16:48,2.085775
20231202_500119080_16:49,2.119498
20231202_500119080_16:51,2.118984
20231202_500119080_16:52,2.095479
20231202_500119080_16:53,2.082685
20231202_500119080_16:54,2.079464
20231202_500119080_16:55,2.079922
20231202_500119080_16:56,2.092611
20231202_500119080_16:57,2.055496
20231202_500119080_16:58,2.010540
20231202_500119080_16:59,1.961369
20231202_500119080_17:01,2.049164
20231202_500119080_17:02,2.097083
20231202_500119080_17:03,2.142522
20231202_500119080_17:04,2.127493
20231202_500119080_17:05,2.109286
20231202_500119080_17:06,2.093059
20231202_500119080_17:07,2.100563
20231202_500119080_17:08,2.085726
20231202_500119080_17:09,2.045362
20231202_500119080_17:10,1.977877
20231202_500119080_17:11,1.917035
20231202_500119080_17:12,1.951298
20231202_500119080_17:13,1.971024
20231202_500119080_17:14,1.982473
20231202_500119080_17:15,1.998665
20231202_500119080_17:16,1.982327
20231202_500119080_17:17,1.950111
20231202_500119080_17:18,1.929169
20231202_500119080_17:19,1.929330
20231202_500119080_17:21,1.911648
20231202_500119080_17:22,1.864844
20231202_500119080_17:23,1.790326
20231202_500119080_17:24,1.735532
20231202_500119080_17:25,1.729559
20231202_500119080_17:26,1.754732
20231202_500119080_17:27,1.776168
20231202_500119080_17:28,1.765621
20231202_500119080_17:29,1.723792
20231202_500119080_17:31,1.652187
20231202_500119080_17:32,1.666677
20231202_500119080_17:33,1.692770
20231202_500119080_17:34,1.689320
20231202_500119080_17:35,1.628520
20231202_500119080_17:36,1.552505
20231202_500119080_17:37,1.508528
20231202_500119080_17:38,1.506048
20231202_500119080_17:39,1.542405
20231202_500119080_17:40,1.567176
20231202_500119080_17:41,1.564603
20231202_500119080_17:42,1.530848
20231202_500119080_17:43,1.501839
20231202_500119080_17:44,1.509251
20231202_500119080_17:45,1.549448
20231202_500119080_17:46,1.585830
20231202_500119080_17:47,1.582702
20231202_500119080_17:48,1.539451
20231202_500119080_17:49,1.484689
20231202_500119080_17:50,1.478866
20231202_500119080_17:51,1.524896
20231202_500119080_17:52,1.593036
20231202_500119080_17:53,1.639376
20231202_500119080_17:54,1.644620
20231202_500119080_17:55,1.628060
20231202_500119080_17:56,1.627294
20231202_500119080_17:57,1.665112
20231202_500119080_17:58,1.717117
20231202_500119080_17:59,1.739585
20231202_500119080_18:01,1.649032
20231202_500119080_18:02,1.603840
20231202_500119080_18:03,1.606791
20231202_500119080_18:04,1.647721
20231202_500119080_18:05,1.684301
20231202_500119080_18:06,1.680930
20231202_500119080_18:07,1.640367
20231202_500119080_18:08,1.599349
20231202_500119080_18:09,1.592686
20231202_500119080_18:10,1.619414
20231202_500119080_18:11,1.640147
20231202_500119080_18:12,1.621013
20231202_500119080_18:13,1.557001
20231202_500119080_18:14,1.523555
20231202_500119080_18:15,1.482813
20231202_500119080_18:16,1.493914
20231202_500119080_18:17,1.522287
20231202_500119080_18:18,1.544939
20231202_500119080_18:19,1.528312
20231202_500119080_18:21,1.434570
20231202_500119080_18:22,1.435080
20231202_500119080_18:23,1.474791
20231202_500119080_18:24,1.517318
20231202_500119080_18:25,1.502814
20231202_500119080_18:26,1.450162
20231202_500119080_18:27,1.350853
20231202_500119080_18:28,1.345127
20231202_500119080_18:29,1.368283
20231202_500119080_18:31,1.519853
20231202_500119080_18:32,1.503813
20231202_500119080_18:33,1.447760
20231202_500119080_18:34,1.416372
20231202_500119080_18:35,1.438207
20231202_500119080_18:36,1.491532
20231202_500119080_18:37,1.516199
20231202_500119080_18:38,1.473044
20231202_500119080_18:39,1.386598
20231202_500119080_18:40,1.327175
20231202_500119080_18:41,1.349686
20231202_500119080_18:42,1.444550
20231202_500119080_18:43,1.545427
20231202_500119080_18:44,1.586876
20231202_500119080_18:45,1.544560
20231202_500119080_18:46,1.495271
20231202_500119080_18:47,1.490053
20231202_500119080_18:48,1.536516
20231202_500119080_18:49,1.584257
20231202_500119080_18:50,1.573078
20231202_500119080_18:51,1.491862
20231202_500119080_18:52,1.393080
20231202_500119080_18:53,1.376931
20231202_500119080_18:54,1.407321
20231202_500119080_18:55,1.464145
20231202_500119080_18:56,1.509720
20231202_500119080_18:57,1.518777
20231202_500119080_18:58,1.402920
20231202_500119080_18:59,1.342361
20231202_500119080_19:01,1.383302
20231202_500119080_19:02,1.373598
20231202_500119080_19:03,1.314053
20231202_500119080_19:04,1.232275
20231202_500119080_19:05,1.175989
20231202_500119080_19:06,1.171533
20231202_500119080_19:07,1.201478
20231202_500119080_19:08,1.221529
20231202_500119080_19:09,1.231153
20231202_500119080_19:10,1.218787
20231202_500119080_19:11,1.148269
20231202_500119080_19:12,1.144131
20231202_500119080_19:13,1.128955
20231202_500119080_19:15,1.179763
20231202_500119080_19:16,1.110285
20231202_500119080_19:18,1.033944
20231202_500119080_19:19,1.036608
20231202_500119080_19:21,1.101058
20231202_500119080_19:22,1.098738
20231202_500119080_19:23,1.042945
20231202_500119080_19:24,0.995735
20231202_500119080_19:25,1.010149
20231202_500119080_19:26,1.059999
20231202_500119080_19:27,1.094791
20231202_500119080_19:28,1.069184
20231202_500119080_19:29,0.966204
20231202_500119080_19:31,0.965199
20231202_500119080_19:32,1.028208
20231202_500119080_19:33,1.092044
20231202_500119080_19:34,1.117967
20231202_500119080_19:35,1.101085
20231202_500119080_19:36,1.083493
20231202_500119080_19:37,1.103783
20231202_500119080_19:38,1.155926
20231202_500119080_19:39,1.201801
20231202_500119080_19:41,1.156384
20231202_500119080_19:42,1.099829
20231202_500119080_19:43,1.078584
20231202_500119080_19:44,1.106445
20231202_500119080_19:45,1.154478
20231202_500119080_19:46,1.178174
20231202_500119080_19:47,1.157824
20231202_500119080_19:48,1.115140
20231202_500119080_19:49,1.091244
20231202_500119080_19:51,1.132802
20231202_500119080_19:52,1.140691
20231202_500119080_19:53,1.101567
20231202_500119080_19:54,1.029634
20231202_500119080_19:55,0.969180
20231202_500119080_19:56,0.956586
20231202_500119080_19:57,0.989005
20231202_500119080_19:58,1.028020
20231202_500119080_19:59,1.028662
20231202_500119080_20:01,0.948385
20231202_500119080_20:02,0.940447
20231202_500119080_20:03,0.969297
20231202_500119080_20:04,1.000335
20231202_500119080_20:05,0.951260
20231202_500119080_20:06,0.897050
20231202_500119080_20:07,0.829620
20231202_500119080_20:08,0.796011
20231202_500119080_20:09,0.813331
20231202_500119080_20:11,0.967897
20231202_500119080_20:12,0.993436
20231202_500119080_20:13,0.952557
20231202_500119080_20:14,0.897759
20231202_500119080_20:15,0.895642
20231202_500119080_20:16,0.940302
20231202_500119080_20:17,0.990633
20231202_500119080_20:18,0.987674
20231202_500119080_20:19,0.920295
20231202_500119080_20:21,0.887071
20231202_500119080_20:22,0.944340
20231202_500119080_20:23,1.014472
20231202_500119080_20:24,1.079231
20231202_500119080_20:25,1.089649
20231202_500119080_20:26,1.049923
20231202_500119080_20:27,1.056876
20231202_500119080_20:28,1.144570
20231202_500119080_20:29,1.196987
20231202_500119080_20:31,1.181611
20231202_500119080_20:32,1.123805
20231202_500119080_20:33,1.087484
20231202_500119080_20:34,1.099353
20231202_500119080_20:35,1.143909
20231202_500119080_20:36,1.178566
20231202_500119080_20:37,1.172431
20231202_500119080_20:38,1.091642
20231202_500119080_20:39,1.056503
20231202_500119080_20:41,1.082451
20231202_500119080_20:42,1.099694
20231202_500119080_20:43,1.073495
20231202_500119080_20:44,1.006688
20231202_500119080_20:45,0.938659
20231202_500119080_20:46,0.911915
20231202_500119080_20:47,0.935357
20231202_500119080_20:48,0.977476
20231202_500119080_20:49,0.995402
20231202_500119080_20:51,0.892139
20231202_500119080_20:52,0.869114
20231202_500119080_20:53,0.877339
20231202_500119080_20:54,0.926751
20231202_500119080_20:55,0.933250
20231202_500119080_20:56,0.891569
20231202_500119080_20:57,0.823038
20231202_500119080_20:58,0.773690
20231202_500119080_20:59,0.775002
20231202_500119080_21:01,0.859079
20231202_500119080_21:02,0.893333
20231202_500119080_21:03,0.870622
20231202_500119080_21:04,0.817499
20231202_500119080_21:05,0.800521
20231202_500119080_21:06,0.842566
20231202_500119080_21:07,0.904636
20231202_500119080_21:08,0.927072
20231202_500119080_21:09,0.881521
20231202_500119080_21:10,0.822944
20231202_500119080_21:11,0.808190
20231202_500119080_21:12,0.868037
20231202_500119080_21:13,0.970249
20231202_500119080_21:14,1.038188
20231202_500119080_21:15,1.077265
20231202_500119080_21:16,1.039420
20231202_500119080_21:17,0.989785
20231202_500119080_21:18,1.017488
20231202_500119080_21:19,1.090132
20231202_500119080_21:21,1.147936
20231202_500119080_21:22,1.128258
20231202_500119080_21:23,1.074369
20231202_500119080_21:24,1.079417
20231202_500119080_21:25,1.145573
20231202_500119080_21:26,1.209297
20231202_500119080_21:27,1.251368
20231202_500119080_21:28,1.227340
20231202_500119080_21:29,1.140442
20231202_500119080_21:30,1.077082
20231202_500119080_21:31,1.098741
20231202_500119080_21:32,1.145396
20231202_500119080_21:33,1.174848
20231202_500119080_21:34,1.119382
20231202_500119080_21:35,1.021586
20231202_500119080_21:36,0.973273
20231202_500119080_21:37,0.997927
20231202_500119080_21:38,1.076445
20231202_500119080_21:39,1.185335
20231202_500119080_21:40,1.210224
20231202_500119080_21:41,1.151857
20231202_500119080_21:42,1.067263
20231202_500119080_21:43,1.049883
20231202_500119080_21:44,1.113428
20231202_500119080_21:45,1.191504
20231202_500119080_21:46,1.201945
20231202_500119080_21:47,1.126350
20231202_500119080_21:48,1.030677
20231202_500119080_21:49,1.007020
20231202_500119080_21:50,1.109928
20231202_500119080_21:51,1.228339
20231202_500119080_21:52,1.304382
20231202_500119080_21:53,1.311170
20231202_500119080_21:54,1.263976
20231202_500119080_21:55,1.202450
20231202_500119080_21:56,1.209408
20231202_500119080_21:57,1.266527
20231202_500119080_21:58,1.304095
20231202_500119080_21:59,1.271185
20231202_500119080_22:01,1.115703
20231202_500119080_22:02,1.163315
20231202_500119080_22:03,1.275237
20231202_500119080_22:04,1.368465
20231202_500119080_22:05,1.397454
20231202_500119080_22:06,1.363563
20231202_500119080_22:07,1.285900
20231202_500119080_22:08,1.261052
20231202_500119080_22:09,1.317174
20231202_500119080_22:10,1.398718
20231202_500119080_22:11,1.418537
20231202_500119080_22:12,1.347349
20231202_500119080_22:13,1.241423
20231202_500119080_22:14,1.205352
20231202_500119080_22:15,1.280015
20231202_500119080_22:16,1.375894
20231202_500119080_22:17,1.441042
20231202_500119080_22:18,1.436432
20231202_500119080_22:19,1.379942
20231202_500119080_22:21,1.278872
20231202_500119080_22:22,1.309967
20231202_500119080_22:23,1.327299
20231202_500119080_22:24,1.272273
20231202_500119080_22:25,1.187225
20231202_500119080_22:26,1.141400
20231202_500119080_22:27,1.172751
20231202_500119080_22:28,1.194819
20231202_500119080_22:29,1.226212
20231202_500119080_22:30,1.244613
20231202_500119080_22:31,1.191142
20231202_500119080_22:32,1.144015
20231202_500119080_22:33,1.140618
20231202_500119080_22:34,1.158270
20231202_500119080_22:35,1.157051
20231202_500119080_22:36,1.109884
20231202_500119080_22:37,1.053806
20231202_500119080_22:38,1.023170
20231202_500119080_22:39,1.064049
20231202_500119080_22:40,1.105187
20231202_500119080_22:41,1.133481
20231202_500119080_22:42,1.212309
20231202_500119080_22:43,1.224583
20231202_500119080_22:44,1.202766
20231202_500119080_22:45,1.236795
20231202_500119080_22:46,1.256173
20231202_500119080_22:47,1.304635
20231202_500119080_22:48,1.323665
20231202_500119080_22:49,1.276158
20231202_500119080_22:50,1.230395
20231202_500119080_22:51,1.246482
20231202_500119080_22:52,1.285676
20231202_500119080_22:53,1.316550
20231202_500119080_22:54,1.296441
20231202_500119080_22:55,1.292169
20231202_500119080_22:56,1.288496
20231202_500119080_22:57,1.252507
20231202_500119080_22:58,1.278073
20231202_500119080_22:59,1.302981
20231202_500119080_23:01,1.286669
20231202_500119080_23:02,1.227321
20231202_500119080_23:03,1.194340
20231202_500119080_23:04,1.206827
20231202_500119080_23:05,1.243660
20231202_500119080_23:06,1.240291
20231202_500119080_23:07,1.234999
20231202_500119080_23:08,1.225229
20231202_500119080_23:09,1.195978
20231202_500119080_23:10,1.228436
20231202_500119080_23:11,1.218138
20231202_500119080_23:12,1.219921
20231202_500119080_23:13,1.181319
20231202_500119080_23:14,1.098688
20231202_500119080_23:15,1.042167
20231202_500119080_23:16,1.013619
20231202_500119080_23:17,1.015708
20231202_500119080_23:18,1.019020
20231202_500119080_23:19,1.026509
20231202_500119080_23:21,0.967432
20231202_500119080_23:22,0.916580
20231202_500119080_23:23,0.878839
20231202_500119080_23:24,0.860732
20231202_500119080_23:25,0.911069
20231202_500119080_23:26,0.908637
20231202_500119080_23:27,0.855282
20231202_500119080_23:28,0.783315
20231202_500119080_23:29,0.749185
20231202_500119080_23:30,0.787194
20231202_500119080_23:31,0.844559
20231202_500119080_23:33,0.974976
20231202_500119080_23:34,0.943802
20231202_500119080_23:35,0.893504
20231202_500119080_23:36,0.875832
20231202_500119080_23:37,0.906525
20231202_500119080_23:38,0.928804
20231202_500119080_23:39,0.905698
20231202_500119080_23:41,0.821449
20231202_500119080_23:42,0.826228
20231202_500119080_23:43,0.874730
20231202_500119080_23:44,0.919209
20231202_500119080_23:45,0.947519
20231202_500119080_23:46,0.957802
20231202_500119080_23:47,0.931262
20231202_500119080_23:48,0.926089
20231202_500119080_23:49,0.959737
20231202_500119080_23:51,1.044127
20231202_500119080_23:52,1.009902
20231202_500119080_23:53,0.948228
20231203_500119080_00:01,0.377781
20231203_500119080_00:02,0.440120
20231203_500119080_00:03,0.497974
20231203_500119080_00:04,0.530537
20231203_500119080_00:05,0.524248
20231203_500119080_00:06,0.479793
20231203_500119080_00:07,0.418932
20231203_500119080_00:08,0.422241
20231203_500119080_00:09,0.469221
20231203_500119080_00:11,0.503195
20231203_500119080_00:12,0.450825
20231203_500119080_00:13,0.413182
20231203_500119080_00:14,0.443680
20231203_500119080_00:15,0.543627
20231203_500119080_00:16,0.658592
20231203_500119080_00:17,0.724392
20231203_500119080_00:18,0.721287
20231203_500119080_00:19,0.687616
20231203_500119080_00:21,0.725316
20231203_500119080_00:22,0.787342
20231203_500119080_00:23,0.812169
20231203_500119080_00:24,0.776143
20231203_500119080_00:25,0.712725
20231203_500119080_00:26,0.734731
20231203_500119080_00:27,0.807696
20231203_500119080_00:28,0.880292
20231203_500119080_00:29,0.901324
20231203_500119080_00:31,0.830845
20231203_500119080_00:32,0.769219
20231203_500119080_00:33,0.752915
20231203_500119080_00:34,0.754134
20231203_500119080_00:35,0.802196
20231203_500119080_00:36,0.753659
20231203_500119080_00:38,0.610179
20231203_500119080_00:39,0.597225
20231203_500119080_00:41,0.740557
20231203_500119080_00:42,0.793470
20231203_500119080_00:43,0.766260
20231203_500119080_00:44,0.701247
20231203_500119080_00:45,0.657555
20231203_500119080_00:46,0.654173
20231203_500119080_00:47,0.699806
20231203_500119080_00:48,0.705408
20231203_500119080_00:49,0.619033
20231203_500119080_00:51,0.479103
20231203_500119080_00:52,0.507528
20231203_500119080_00:53,0.570580
20231203_500119080_00:54,0.637800
20231203_500119080_00:56,0.562940
20231203_500119080_00:57,0.500191
20231203_500119080_00:58,0.481981
20231203_500119080_00:59,0.515224
20231203_500119080_01:01,0.553878
20231203_500119080_01:02,0.474262
20231203_500119080_01:03,0.419972
20231203_500119080_01:04,0.423209
20231203_500119080_01:05,0.501861
20231203_500119080_01:06,0.613403
20231203_500119080_01:07,0.690300
20231203_500119080_01:08,0.697395
20231203_500119080_01:09,0.659539
20231203_500119080_01:11,0.666777
20231203_500119080_01:12,0.689580
20231203_500119080_01:13,0.777320
20231203_500119080_01:14,0.750152
20231203_500119080_01:15,0.681103
20231203_500119080_01:16,0.630394
20231203_500119080_01:17,0.650254
20231203_500119080_01:18,0.726273
20231203_500119080_01:19,0.807036
20231203_500119080_01:21,0.770885
20231203_500119080_01:22,0.696413
20231203_500119080_01:23,0.661931
20231203_500119080_01:24,0.675915
20231203_500119080_01:25,0.701822
20231203_500119080_01:26,0.686815
20231203_500119080_01:27,0.611408
20231203_500119080_01:28,0.528471
20231203_500119080_01:29,0.494541
20231203_500119080_01:30,0.535725
20231203_500119080_01:31,0.616925
20231203_500119080_01:32,0.670991
20231203_500119080_01:33,0.656219
20231203_500119080_01:34,0.581882
20231203_500119080_01:35,0.516805
20231203_500119080_01:36,0.505426
20231203_500119080_01:37,0.534776
20231203_500119080_01:38,0.549397
20231203_500119080_01:39,0.506117
20231203_500119080_01:40,0.417809
20231203_500119080_01:41,0.344945
20231203_500119080_01:42,0.341923
20231203_500119080_01:43,0.407099
20231203_500119080_01:44,0.479775
20231203_500119080_01:45,0.530326
20231203_500119080_01:46,0.498982
20231203_500119080_01:47,0.426081
20231203_500119080_01:48,0.355678
20231203_500119080_01:49,0.341515
20231203_500119080_01:50,0.375929
20231203_500119080_01:51,0.398502
20231203_500119080_01:52,0.362636
20231203_500119080_01:53,0.280142
20231203_500119080_01:54,0.253337
20231203_500119080_01:55,0.309716
20231203_500119080_01:56,0.415031
20231203_500119080_01:57,0.502761
20231203_500119080_01:58,0.584654
20231203_500119080_01:59,0.626223
20231203_500119080_02:01,0.563006
20231203_500119080_02:02,0.638951
20231203_500119080_02:03,0.695083
20231203_500119080_02:04,0.681062
20231203_500119080_02:05,0.659318
20231203_500119080_02:06,0.610123
20231203_500119080_02:07,0.598190
20231203_500119080_02:08,0.635703
20231203_500119080_02:09,0.664779
20231203_500119080_02:10,0.664712
20231203_500119080_02:11,0.659971
20231203_500119080_02:12,0.605424
20231203_500119080_02:13,0.531873
20231203_500119080_02:14,0.451412
20231203_500119080_02:15,0.442116
20231203_500119080_02:16,0.485054
20231203_500119080_02:17,0.499227
20231203_500119080_02:18,0.441468
20231203_500119080_02:19,0.357905
20231203_500119080_02:21,0.443380
20231203_500119080_02:22,0.505212
20231203_500119080_02:23,0.555871
20231203_500119080_02:24,0.543176
20231203_500119080_02:25,0.454081
20231203_500119080_02:26,0.387716
20231203_500119080_02:27,0.377174
20231203_500119080_02:28,0.427631
20231203_500119080_02:29,0.468318
20231203_500119080_02:30,0.448234
20231203_500119080_02:31,0.427033
20231203_500119080_02:32,0.422460
20231203_500119080_02:33,0.464750
20231203_500119080_02:34,0.497846
20231203_500119080_02:35,0.488658
20231203_500119080_02:36,0.433888
20231203_500119080_02:37,0.395064
20231203_500119080_02:38,0.348784
20231203_500119080_02:39,0.321464
20231203_500119080_02:40,0.319600
20231203_500119080_02:41,0.328650
20231203_500119080_02:42,0.316531
20231203_500119080_02:43,0.285804
20231203_500119080_02:44,0.303528
20231203_500119080_02:45,0.346070
20231203_500119080_02:46,0.391749
20231203_500119080_02:47,0.461093
20231203_500119080_02:48,0.512371
20231203_500119080_02:49,0.543733
20231203_500119080_02:50,0.488555
20231203_500119080_02:51,0.436628
20231203_500119080_02:52,0.433894
20231203_500119080_02:53,0.493056
20231203_500119080_02:54,0.575582
20231203_500119080_02:55,0.627997
20231203_500119080_02:56,0.629459
20231203_500119080_02:57,0.603163
20231203_500119080_02:58,0.601598
20231203_500119080_02:59,0.597474
20231203_500119080_03:00,0.636527
20231203_500119080_03:01,0.618207
20231203_500119080_03:02,0.544182
20231203_500119080_03:03,0.419069
20231203_500119080_03:04,0.321506
20231203_500119080_03:05,0.303189
20231203_500119080_03:06,0.346729
20231203_500119080_03:07,0.381023
20231203_500119080_03:08,0.347962
20231203_500119080_03:09,0.263574
20231203_500119080_03:10,0.196599
20231203_500119080_03:11,0.212732
20231203_500119080_03:12,0.277267
20231203_500119080_03:13,0.373494
20231203_500119080_03:14,0.370725
20231203_500119080_03:15,0.319201
20231203_500119080_03:16,0.252455
20231203_500119080_03:17,0.214647
20231203_500119080_03:18,0.265995
20231203_500119080_03:19,0.270151
20231203_500119080_03:21,0.185114
20231203_500119080_03:22,0.174010
20231203_500119080_03:23,0.217343
20231203_500119080_03:24,0.276759
20231203_500119080_03:25,0.286287
20231203_500119080_03:26,0.226704
20231203_500119080_03:27,0.179103
20231203_500119080_03:28,0.127464
20231203_500119080_03:29,0.126615
20231203_500119080_03:30,0.171595
20231203_500119080_03:31,0.214723
20231203_500119080_03:32,0.228249
20231203_500119080_03:33,0.172454
20231203_500119080_03:34,0.111905
20231203_500119080_03:35,0.151567
20231203_500119080_03:36,0.261631
20231203_500119080_03:37,0.353706
20231203_500119080_03:38,0.418431
20231203_500119080_03:39,0.418494
20231203_500119080_03:40,0.387701
20231203_500119080_03:41,0.383330
20231203_500119080_03:42,0.384433
20231203_500119080_03:43,0.460753
20231203_500119080_03:44,0.519192
20231203_500119080_03:45,0.527865
20231203_500119080_03:46,0.540746
20231203_500119080_03:47,0.556049
20231203_500119080_03:48,0.594925
20231203_500119080_03:49,0.669583
20231203_500119080_03:50,0.695188
20231203_500119080_03:51,0.677411
20231203_500119080_03:52,0.596731
20231203_500119080_03:53,0.530364
20231203_500119080_03:55,0.457477
20231203_500119080_03:56,0.499353
20231203_500119080_03:57,0.512820
20231203_500119080_03:58,0.440872
20231203_500119080_03:59,0.409271
20231203_500119080_04:01,0.464382
20231203_500119080_04:02,0.542386
20231203_500119080_04:03,0.577905
20231203_500119080_04:04,0.552471
20231203_500119080_04:05,0.488048
20231203_500119080_04:06,0.452622
20231203_500119080_04:07,0.441598
20231203_500119080_04:08,0.486624
20231203_500119080_04:09,0.485959
20231203_500119080_04:11,0.386003
20231203_500119080_04:12,0.377995
20231203_500119080_04:13,0.422620
20231203_500119080_04:14,0.480122
20231203_500119080_04:15,0.495011
20231203_500119080_04:16,0.463547
20231203_500119080_04:17,0.412701
20231203_500119080_04:18,0.348986
20231203_500119080_04:19,0.327533
20231203_500119080_04:21,0.401310
20231203_500119080_04:22,0.403019
20231203_500119080_04:23,0.353762
20231203_500119080_04:24,0.298191
20231203_500119080_04:25,0.297214
20231203_500119080_04:26,0.372425
20231203_500119080_04:27,0.484497
20231203_500119080_04:28,0.593508
20231203_500119080_04:29,0.605422
20231203_500119080_04:31,0.548311
20231203_500119080_04:32,0.572172
20231203_500119080_04:33,0.613338
20231203_500119080_04:34,0.649482
20231203_500119080_04:35,0.624152
20231203_500119080_04:36,0.554262
20231203_500119080_04:37,0.508913
20231203_500119080_04:38,0.517746
20231203_500119080_04:39,0.596066
20231203_500119080_04:41,0.695515
20231203_500119080_04:42,0.644128
20231203_500119080_04:43,0.569828
20231203_500119080_04:44,0.533012
20231203_500119080_04:45,0.551142
20231203_500119080_04:46,0.584697
20231203_500119080_04:47,0.582512
20231203_500119080_04:48,0.515759
20231203_500119080_04:49,0.431348
20231203_500119080_04:51,0.461571
20231203_500119080_04:52,0.543528
20231203_500119080_04:53,0.598318
20231203_500119080_04:54,0.581184
20231203_500119080_04:55,0.509390
20231203_500119080_04:56,0.443364
20231203_500119080_04:57,0.429832
20231203_500119080_04:58,0.459533
20231203_500119080_04:59,0.478245
20231203_500119080_05:01,0.354941
20231203_500119080_05:02,0.280765
20231203_500119080_05:03,0.274397
20231203_500119080_05:04,0.338303
20231203_500119080_05:05,0.416920
20231203_500119080_05:06,0.444689
20231203_500119080_05:07,0.422719
20231203_500119080_05:08,0.355949
20231203_500119080_05:09,0.297644
20231203_500119080_05:11,0.362878
20231203_500119080_05:12,0.375977
20231203_500119080_05:13,0.307279
20231203_500119080_05:14,0.244340
20231203_500119080_05:15,0.221661
20231203_500119080_05:16,0.275534
20231203_500119080_05:17,0.381714
20231203_500119080_05:18,0.474540
20231203_500119080_05:19,0.502827
20231203_500119080_05:21,0.389696
20231203_500119080_05:22,0.394132
20231203_500119080_05:23,0.444885
20231203_500119080_05:24,0.490742
20231203_500119080_05:25,0.481213
20231203_500119080_05:26,0.452309
20231203_500119080_05:27,0.402853
20231203_500119080_05:28,0.422320
20231203_500119080_05:29,0.478054
20231203_500119080_05:31,0.534264
20231203_500119080_05:32,0.497814
20231203_500119080_05:33,0.437810
20231203_500119080_05:34,0.375046
20231203_500119080_05:35,0.402533
20231203_500119080_05:36,0.409323
20231203_500119080_05:37,0.416043
20231203_500119080_05:38,0.362610
20231203_500119080_05:39,0.286438
20231203_500119080_05:41,0.300490
20231203_500119080_05:42,0.411874
20231203_500119080_05:43,0.447734
20231203_500119080_05:44,0.423086
20231203_500119080_05:45,0.378286
20231203_500119080_05:46,0.325643
20231203_500119080_05:47,0.301316
20231203_500119080_05:48,0.309655
20231203_500119080_05:49,0.327372
20231203_500119080_05:50,0.304759
20231203_500119080_05:51,0.274063
20231203_500119080_05:52,0.251071
20231203_500119080_05:53,0.279742
20231203_500119080_05:54,0.338057
20231203_500119080_05:55,0.389578
20231203_500119080_05:56,0.381069
20231203_500119080_05:57,0.310744
20231203_500119080_05:58,0.235601
20231203_500119080_05:59,0.190125
20231203_500119080_06:00,0.203635
20231203_500119080_06:01,0.256980
20231203_500119080_06:02,0.292178
20231203_500119080_06:03,0.269771
20231203_500119080_06:04,0.217665
20231203_500119080_06:05,0.184197
20231203_500119080_06:06,0.251111
20231203_500119080_06:07,0.353857
20231203_500119080_06:08,0.436251
20231203_500119080_06:09,0.489670
20231203_500119080_06:10,0.468367
20231203_500119080_06:11,0.483208
20231203_500119080_06:12,0.474944
20231203_500119080_06:13,0.500752
20231203_500119080_06:14,0.534032
20231203_500119080_06:15,0.583789
20231203_500119080_06:16,0.571312
20231203_500119080_06:17,0.536940
20231203_500119080_06:18,0.544971
20231203_500119080_06:19,0.593584
20231203_500119080_06:21,0.672122
20231203_500119080_06:22,0.663901
20231203_500119080_06:23,0.602179
20231203_500119080_06:24,0.548370
20231203_500119080_06:25,0.548028
20231203_500119080_06:26,0.589994
20231203_500119080_06:27,0.618115
20231203_500119080_06:28,0.588834
20231203_500119080_06:29,0.516152
20231203_500119080_06:30,0.456751
20231203_500119080_06:31,0.464127
20231203_500119080_06:32,0.539419
20231203_500119080_06:33,0.628275
20231203_500119080_06:34,0.667130
20231203_500119080_06:35,0.629825
20231203_500119080_06:36,0.563404
20231203_500119080_06:37,0.530034
20231203_500119080_06:38,0.558162
20231203_500119080_06:39,0.601460
20231203_500119080_06:40,0.607739
20231203_500119080_06:41,0.553804
20231203_500119080_06:42,0.476234
20231203_500119080_06:43,0.440614
20231203_500119080_06:44,0.482408
20231203_500119080_06:45,0.595906
20231203_500119080_06:46,0.664459
20231203_500119080_06:47,0.668689
20231203_500119080_06:48,0.617615
20231203_500119080_06:49,0.566419
20231203_500119080_06:50,0.564352
20231203_500119080_06:51,0.610053
20231203_500119080_06:52,0.655282
20231203_500119080_06:53,0.653079
20231203_500119080_06:54,0.605148
20231203_500119080_06:55,0.569391
20231203_500119080_06:56,0.591759
20231203_500119080_06:57,0.686906
20231203_500119080_06:58,0.805560
20231203_500119080_06:59,0.881438
20231203_500119080_07:00,0.887405
20231203_500119080_07:01,0.855821
20231203_500119080_07:02,0.845342
20231203_500119080_07:03,0.879918
20231203_500119080_07:04,0.944317
20231203_500119080_07:05,0.977646
20231203_500119080_07:06,0.949947
20231203_500119080_07:07,0.888072
20231203_500119080_07:08,0.826296
20231203_500119080_07:09,0.856351
20231203_500119080_07:10,0.944070
20231203_500119080_07:11,1.021183
20231203_500119080_07:12,1.006054
20231203_500119080_07:13,0.955006
20231203_500119080_07:14,0.891872
20231203_500119080_07:15,0.870066
20231203_500119080_07:16,0.896120
20231203_500119080_07:17,0.926062
20231203_500119080_07:18,0.909703
20231203_500119080_07:19,0.835705
20231203_500119080_07:21,0.718405
20231203_500119080_07:22,0.775287
20231203_500119080_07:23,0.863292
20231203_500119080_07:24,0.915357
20231203_500119080_07:25,0.897256
20231203_500119080_07:26,0.834781
20231203_500119080_07:27,0.786791
20231203_500119080_07:28,0.789669
20231203_500119080_07:29,0.852329
20231203_500119080_07:30,0.837306
20231203_500119080_07:31,0.819930
20231203_500119080_07:32,0.736593
20231203_500119080_07:33,0.675665
20231203_500119080_07:34,0.684917
20231203_500119080_07:35,0.760947
20231203_500119080_07:36,0.833492
20231203_500119080_07:37,0.849736
20231203_500119080_07:38,0.802195
20231203_500119080_07:39,0.737897
20231203_500119080_07:40,0.741093
20231203_500119080_07:41,0.770310
20231203_500119080_07:42,0.814085
20231203_500119080_07:43,0.819486
20231203_500119080_07:44,0.772759
20231203_500119080_07:45,0.715837
20231203_500119080_07:46,0.738108
20231203_500119080_07:47,0.809231
20231203_500119080_07:48,0.920985
20231203_500119080_07:49,1.011266
20231203_500119080_07:50,1.027360
20231203_500119080_07:51,0.992578
20231203_500119080_07:52,0.964028
20231203_500119080_07:53,0.983508
20231203_500119080_07:54,1.039096
20231203_500119080_07:55,1.078112
20231203_500119080_07:56,1.086737
20231203_500119080_07:57,0.993282
20231203_500119080_07:58,0.938594
20231203_500119080_07:59,0.975186
20231203_500119080_08:01,1.126241
20231203_500119080_08:02,1.151410
20231203_500119080_08:03,1.106579
20231203_500119080_08:04,1.005602
20231203_500119080_08:05,0.962718
20231203_500119080_08:06,0.999597
20231203_500119080_08:07,0.999536
20231203_500119080_08:08,1.019427
20231203_500119080_08:09,0.955145
20231203_500119080_08:11,0.794568
20231203_500119080_08:12,0.827214
20231203_500119080_08:13,0.906997
20231203_500119080_08:14,0.939940
20231203_500119080_08:15,0.933950
20231203_500119080_08:16,0.871576
20231203_500119080_08:17,0.825404
20231203_500119080_08:18,0.799740
20231203_500119080_08:19,0.812362
20231203_500119080_08:21,0.796539
20231203_500119080_08:22,0.711096
20231203_500119080_08:23,0.632618
20231203_500119080_08:24,0.617435
20231203_500119080_08:25,0.670197
20231203_500119080_08:26,0.743215
20231203_500119080_08:27,0.769388
20231203_500119080_08:28,0.773168
20231203_500119080_08:29,0.707498
20231203_500119080_08:31,0.622428
20231203_500119080_08:32,0.662453
20231203_500119080_08:33,0.648486
20231203_500119080_08:34,0.628958
20231203_500119080_08:35,0.542312
20231203_500119080_08:36,0.513037
20231203_500119080_08:37,0.559668
20231203_500119080_08:38,0.661727
20231203_500119080_08:39,0.726878
20231203_500119080_08:41,0.776122
20231203_500119080_08:42,0.724996
20231203_500119080_08:43,0.729026
20231203_500119080_08:44,0.764970
20231203_500119080_08:45,0.818287
20231203_500119080_08:46,0.849722
20231203_500119080_08:47,0.834382
20231203_500119080_08:48,0.787911
20231203_500119080_08:49,0.754848
20231203_500119080_08:51,0.822998
20231203_500119080_08:52,0.832228
20231203_500119080_08:53,0.874842
20231203_500119080_08:54,0.826432
20231203_500119080_08:55,0.762618
20231203_500119080_08:56,0.725356
20231203_500119080_08:57,0.725394
20231203_500119080_08:58,0.734978
20231203_500119080_08:59,0.717089
20231203_500119080_09:01,0.606950
20231203_500119080_09:02,0.643604
20231203_500119080_09:03,0.690842
20231203_500119080_09:04,0.751587
20231203_500119080_09:05,0.779400
20231203_500119080_09:06,0.772783
20231203_500119080_09:07,0.740066
20231203_500119080_09:08,0.771306
20231203_500119080_09:09,0.804551
20231203_500119080_09:11,0.788463
20231203_500119080_09:12,0.682291
20231203_500119080_09:13,0.652819
20231203_500119080_09:14,0.629977
20231203_500119080_09:15,0.639304
20231203_500119080_09:16,0.666955
20231203_500119080_09:17,0.696194
20231203_500119080_09:18,0.683381
20231203_500119080_09:19,0.664191
20231203_500119080_09:21,0.733939
20231203_500119080_09:22,0.780918
20231203_500119080_09:23,0.826854
20231203_500119080_09:24,0.808617
20231203_500119080_09:25,0.777535
20231203_500119080_09:26,0.758420
20231203_500119080_09:27,0.794080
20231203_500119080_09:28,0.871609
20231203_500119080_09:29,0.921465
20231203_500119080_09:31,0.939428
20231203_500119080_09:32,0.973113
20231203_500119080_09:33,0.999299
20231203_500119080_09:34,1.096860
20231203_500119080_09:35,1.128911
20231203_500119080_09:36,1.075783
20231203_500119080_09:37,1.016929
20231203_500119080_09:38,0.965231
20231203_500119080_09:39,0.913654
20231203_500119080_09:41,0.903246
20231203_500119080_09:42,0.886564
20231203_500119080_09:43,0.843399
20231203_500119080_09:44,0.801769
20231203_500119080_09:45,0.788622
20231203_500119080_09:46,0.832731
20231203_500119080_09:47,0.823119
20231203_500119080_09:48,0.836811
20231203_500119080_09:49,0.777730
20231203_500119080_09:51,0.653078
20231203_500119080_09:52,0.619556
20231203_500119080_09:53,0.620393
20231203_500119080_09:54,0.664552
20231203_500119080_09:55,0.671874
20231203_500119080_09:56,0.683403
20231203_500119080_09:57,0.630835
20231203_500119080_09:58,0.576735
20231203_500119080_09:59,0.591302
20231203_500119080_10:01,0.666419
20231203_500119080_10:02,0.713923
20231203_500119080_10:03,0.651033
20231203_500119080_10:04,0.533734
20231203_500119080_10:05,0.501101
20231203_500119080_10:06,0.616512
20231203_500119080_10:07,0.684967
20231203_500119080_10:08,0.718577
20231203_500119080_10:09,0.677471
20231203_500119080_10:10,0.583726
20231203_500119080_10:11,0.588468
20231203_500119080_10:12,0.631019
20231203_500119080_10:13,0.724530
20231203_500119080_10:14,0.746338
20231203_500119080_10:15,0.697230
20231203_500119080_10:16,0.624316
20231203_500119080_10:17,0.554834
20231203_500119080_10:18,0.599040
20231203_500119080_10:19,0.691693
20231203_500119080_10:21,0.823043
20231203_500119080_10:22,0.802323
20231203_500119080_10:23,0.771664
20231203_500119080_10:24,0.803917
20231203_500119080_10:25,0.864825
20231203_500119080_10:26,0.876924
20231203_500119080_10:27,0.894338
20231203_500119080_10:28,0.859595
20231203_500119080_10:29,0.835771
20231203_500119080_10:31,0.899912
20231203_500119080_10:32,0.914332
20231203_500119080_10:33,0.922161
20231203_500119080_10:34,0.898423
20231203_500119080_10:35,0.878067
20231203_500119080_10:36,0.910446
20231203_500119080_10:37,0.949651
20231203_500119080_10:38,0.966407
20231203_500119080_10:39,0.967602
20231203_500119080_10:40,0.896799
20231203_500119080_10:41,0.845814
20231203_500119080_10:42,0.819232
20231203_500119080_10:43,0.858793
20231203_500119080_10:44,0.933961
20231203_500119080_10:45,0.937365
20231203_500119080_10:46,0.921442
20231203_500119080_10:47,0.909715
20231203_500119080_10:48,0.957607
20231203_500119080_10:49,0.990309
20231203_500119080_10:50,1.007679
20231203_500119080_10:51,0.946864
20231203_500119080_10:52,0.899878
20231203_500119080_10:53,0.841105
20231203_500119080_10:54,0.787284
20231203_500119080_10:56,0.806652
20231203_500119080_10:57,0.855230
20231203_500119080_10:58,0.847720
20231203_500119080_10:59,0.803592
20231203_500119080_11:01,0.817770
20231203_500119080_11:02,0.891479
20231203_500119080_11:03,0.957477
20231203_500119080_11:04,0.957413
20231203_500119080_11:05,0.904641
20231203_500119080_11:06,0.873839
20231203_500119080_11:07,0.830371
20231203_500119080_11:08,0.857456
20231203_500119080_11:09,0.873100
20231203_500119080_11:10,0.862382
20231203_500119080_11:11,0.835499
20231203_500119080_11:12,0.869556
20231203_500119080_11:13,0.848855
20231203_500119080_11:14,0.907633
20231203_500119080_11:15,0.922033
20231203_500119080_11:16,0.945165
20231203_500119080_11:17,0.937479
20231203_500119080_11:18,0.859746
20231203_500119080_11:19,0.811263
20231203_500119080_11:21,0.835822
20231203_500119080_11:22,0.822709
20231203_500119080_11:23,0.822537
20231203_500119080_11:24,0.797283
20231203_500119080_11:25,0.735744
20231203_500119080_11:26,0.730071
20231203_500119080_11:27,0.752185
20231203_500119080_11:28,0.753061
20231203_500119080_11:29,0.720508
20231203_500119080_11:31,0.596811
20231203_500119080_11:32,0.544779
20231203_500119080_11:33,0.528769
20231203_500119080_11:34,0.558825
20231203_500119080_11:35,0.561773
20231203_500119080_11:36,0.524927
20231203_500119080_11:37,0.455062
20231203_500119080_11:38,0.427256
20231203_500119080_11:39,0.401926
20231203_500119080_11:40,0.449629
20231203_500119080_11:41,0.459439
20231203_500119080_11:42,0.431061
20231203_500119080_11:43,0.431822
20231203_500119080_11:44,0.351095
20231203_500119080_11:45,0.325843
20231203_500119080_11:46,0.293927
20231203_500119080_11:47,0.408590
20231203_500119080_11:48,0.484142
20231203_500119080_11:49,0.561941
20231203_500119080_11:50,0.525367
20231203_500119080_11:51,0.446931
20231203_500119080_11:52,0.425409
20231203_500119080_11:53,0.466613
20231203_500119080_11:54,0.495673
20231203_500119080_11:56,0.494910
20231203_500119080_11:57,0.448973
20231203_500119080_11:58,0.490078
20231203_500119080_11:59,0.570372
20231203_500119080_12:01,0.750903
20231203_500119080_12:02,0.782560
20231203_500119080_12:03,0.755227
20231203_500119080_12:04,0.773577
20231203_500119080_12:05,0.841759
20231203_500119080_12:06,0.849360
20231203_500119080_12:07,0.865633
20231203_500119080_12:08,0.844812
20231203_500119080_12:09,0.788434
20231203_500119080_12:10,0.819869
20231203_500119080_12:11,0.852449
20231203_500119080_12:12,0.930207
20231203_500119080_12:13,0.982349
20231203_500119080_12:14,1.006978
20231203_500119080_12:15,1.017434
20231203_500119080_12:16,1.042099
20231203_500119080_12:17,1.056241
20231203_500119080_12:18,1.086072
20231203_500119080_12:19,1.097476
20231203_500119080_12:21,1.047809
20231203_500119080_12:22,1.015380
20231203_500119080_12:23,1.047057
20231203_500119080_12:24,1.119748
20231203_500119080_12:26,1.172148
20231203_500119080_12:28,1.132489
20231203_500119080_12:29,1.110640
20231203_500119080_12:31,1.107773
20231203_500119080_12:32,1.060529
20231203_500119080_12:33,0.981231
20231203_500119080_12:34,0.951235
20231203_500119080_12:35,0.963689
20231203_500119080_12:36,1.021521
20231203_500119080_12:37,1.057513
20231203_500119080_12:38,1.040611
20231203_500119080_12:39,1.066317
20231203_500119080_12:41,1.072933
20231203_500119080_12:42,1.087453
20231203_500119080_12:43,1.117170
20231203_500119080_12:44,1.112404
20231203_500119080_12:45,1.109522
20231203_500119080_12:46,1.052511
20231203_500119080_12:47,1.045703
20231203_500119080_12:48,1.061212
20231203_500119080_12:49,1.124228
20231203_500119080_12:51,1.190488
20231203_500119080_12:52,1.185576
20231203_500119080_12:53,1.188429
20231203_500119080_12:54,1.258975
20231203_500119080_12:55,1.298092
20231203_500119080_12:56,1.293291
20231203_500119080_12:57,1.261545
20231203_500119080_12:58,1.216996
20231203_500119080_12:59,1.132131
20231203_500119080_13:01,1.165249
20231203_500119080_13:02,1.164873
20231203_500119080_13:03,1.123755
20231203_500119080_13:05,1.103537
20231203_500119080_13:06,1.104877
20231203_500119080_13:07,1.113931
20231203_500119080_13:08,1.163626
20231203_500119080_13:09,1.158801
20231203_500119080_13:11,1.061660
20231203_500119080_13:12,0.992828
20231203_500119080_13:13,0.961212
20231203_500119080_13:14,0.981758
20231203_500119080_13:15,0.999116
20231203_500119080_13:16,1.053684
20231203_500119080_13:17,1.031594
20231203_500119080_13:18,1.012403
20231203_500119080_13:19,0.949649
20231203_500119080_13:21,0.918184
20231203_500119080_13:22,0.923775
20231203_500119080_13:23,0.865328
20231203_500119080_13:24,0.797319
20231203_500119080_13:25,0.700603
20231203_500119080_13:26,0.681586
20231203_500119080_13:28,0.768436
20231203_500119080_13:29,0.837630
20231203_500119080_13:31,0.769550
20231203_500119080_13:32,0.751316
20231203_500119080_13:33,0.788282
20231203_500119080_13:34,0.795973
20231203_500119080_13:35,0.819573
20231203_500119080_13:36,0.802024
20231203_500119080_13:37,0.700695
20231203_500119080_13:38,0.650068
20231203_500119080_13:39,0.713992
20231203_500119080_13:41,0.886970
20231203_500119080_13:42,0.895000
20231203_500119080_13:43,0.874244
20231203_500119080_13:45,0.842758
20231203_500119080_13:47,0.887245
20231203_500119080_13:48,0.909142
20231203_500119080_13:49,0.888081
20231203_500119080_13:50,0.832988
20231203_500119080_13:52,0.849797
20231203_500119080_13:53,0.929827
20231203_500119080_13:54,0.981024
20231203_500119080_13:56,0.899200
20231203_500119080_13:57,0.823060
20231203_500119080_13:58,0.840226
20231203_500119080_13:59,0.889437
20231203_500119080_14:01,0.894806
20231203_500119080_14:03,0.750347
20231203_500119080_14:04,0.782602
20231203_500119080_14:05,0.838517
20231203_500119080_14:06,0.901338
20231203_500119080_14:07,0.919300
20231203_500119080_14:08,0.906787
20231203_500119080_14:09,0.794389
20231203_500119080_14:11,0.785797
20231203_500119080_14:12,0.756101
20231203_500119080_14:13,0.734838
20231203_500119080_14:14,0.671732
20231203_500119080_14:15,0.552826
20231203_500119080_14:16,0.524722
20231203_500119080_14:17,0.641897
20231203_500119080_14:18,0.654648
20231203_500119080_14:19,0.711131
20231203_500119080_14:21,0.675849
20231203_500119080_14:22,0.664238
20231203_500119080_14:23,0.632906
20231203_500119080_14:24,0.667537
20231203_500119080_14:25,0.701244
20231203_500119080_14:26,0.754179
20231203_500119080_14:27,0.690398
20231203_500119080_14:28,0.662328
20231203_500119080_14:29,0.658128
20231203_500119080_14:31,0.894526
20231203_500119080_14:32,0.953998
20231203_500119080_14:33,0.953390
20231203_500119080_14:34,0.948377
20231203_500119080_14:35,0.899553
20231203_500119080_14:36,0.918133
20231203_500119080_14:37,0.955355
20231203_500119080_14:38,0.998235
20231203_500119080_14:39,0.938685
20231203_500119080_14:40,0.887394
20231203_500119080_14:41,0.836286
20231203_500119080_14:42,0.931050
20231203_500119080_14:43,1.014066
20231203_500119080_14:44,1.088959
20231203_500119080_14:45,1.140638
20231203_500119080_14:46,1.111554
20231203_500119080_14:47,1.073868
20231203_500119080_14:48,1.065870
20231203_500119080_14:49,1.065439
20231203_500119080_14:50,1.124972
20231203_500119080_14:51,1.118907
20231203_500119080_14:52,1.073411
20231203_500119080_14:53,1.027506
20231203_500119080_14:54,1.028193
20231203_500119080_14:55,1.087142
20231203_500119080_14:56,1.140752
20231203_500119080_14:57,1.215054
20231203_500119080_14:58,1.174682
20231203_500119080_14:59,1.151102
20231203_500119080_15:01,1.130531
20231203_500119080_15:02,1.122352
20231203_500119080_15:03,1.124520
20231203_500119080_15:04,1.113337
20231203_500119080_15:05,1.048957
20231203_500119080_15:06,1.009475
20231203_500119080_15:07,1.031658
20231203_500119080_15:08,1.105790
20231203_500119080_15:09,1.211181
20231203_500119080_15:10,1.280662
20231203_500119080_15:11,1.268365
20231203_500119080_15:12,1.180609
20231203_500119080_15:13,1.130095
20231203_500119080_15:14,1.188870
20231203_500119080_15:15,1.264916
20231203_500119080_15:16,1.253371
20231203_500119080_15:17,1.258276
20231203_500119080_15:18,1.202860
20231203_500119080_15:19,1.217569
20231203_500119080_15:21,1.398006
20231203_500119080_15:22,1.503592
20231203_500119080_15:23,1.524784
20231203_500119080_15:24,1.496199
20231203_500119080_15:25,1.471593
20231203_500119080_15:26,1.482547
20231203_500119080_15:27,1.520532
20231203_500119080_15:28,1.545432
20231203_500119080_15:29,1.526823
20231203_500119080_15:31,1.441430
20231203_500119080_15:32,1.483543
20231203_500119080_15:33,1.540296
20231203_500119080_15:34,1.618358
20231203_500119080_15:35,1.683132
20231203_500119080_15:36,1.661522
20231203_500119080_15:37,1.588769
20231203_500119080_15:38,1.592498
20231203_500119080_15:39,1.608579
20231203_500119080_15:40,1.637601
20231203_500119080_15:41,1.637590
20231203_500119080_15:42,1.593810
20231203_500119080_15:43,1.536149
20231203_500119080_15:44,1.545497
20231203_500119080_15:45,1.592635
20231203_500119080_15:46,1.616502
20231203_500119080_15:47,1.649714
20231203_500119080_15:48,1.643757
20231203_500119080_15:49,1.588396
20231203_500119080_15:50,1.541920
20231203_500119080_15:51,1.526337
20231203_500119080_15:52,1.525498
20231203_500119080_15:53,1.522128
20231203_500119080_15:54,1.480096
20231203_500119080_15:55,1.459436
20231203_500119080_15:56,1.452879
20231203_500119080_15:57,1.496519
20231203_500119080_15:58,1.551258
20231203_500119080_15:59,1.597816
20231203_500119080_16:01,1.553620
20231203_500119080_16:02,1.514374
20231203_500119080_16:03,1.488675
20231203_500119080_16:04,1.495584
20231203_500119080_16:05,1.513615
20231203_500119080_16:06,1.508662
20231203_500119080_16:07,1.480568
20231203_500119080_16:08,1.460245
20231203_500119080_16:09,1.505202
20231203_500119080_16:10,1.567298
20231203_500119080_16:11,1.617482
20231203_500119080_16:12,1.648090
20231203_500119080_16:13,1.668179
20231203_500119080_16:14,1.640224
20231203_500119080_16:15,1.608935
20231203_500119080_16:16,1.616867
20231203_500119080_16:17,1.625216
20231203_500119080_16:18,1.648360
20231203_500119080_16:19,1.650200
20231203_500119080_16:21,1.645978
20231203_500119080_16:22,1.669876
20231203_500119080_16:23,1.706640
20231203_500119080_16:24,1.731182
20231203_500119080_16:25,1.695491
20231203_500119080_16:26,1.676845
20231203_500119080_16:27,1.618705
20231203_500119080_16:28,1.574167
20231203_500119080_16:29,1.571041
20231203_500119080_16:31,1.571246
20231203_500119080_16:32,1.530279
20231203_500119080_16:33,1.492947
20231203_500119080_16:34,1.468749
20231203_500119080_16:35,1.495874
20231203_500119080_16:36,1.529690
20231203_500119080_16:37,1.553815
20231203_500119080_16:38,1.586172
20231203_500119080_16:39,1.532949
20231203_500119080_16:40,1.435000
20231203_500119080_16:41,1.391035
20231203_500119080_16:42,1.384048
20231203_500119080_16:43,1.411925
20231203_500119080_16:44,1.377371
20231203_500119080_16:45,1.306501
20231203_500119080_16:46,1.284213
20231203_500119080_16:47,1.285757
20231203_500119080_16:48,1.305881
20231203_500119080_16:49,1.346964
20231203_500119080_16:50,1.333476
20231203_500119080_16:51,1.318024
20231203_500119080_16:52,1.237927
20231203_500119080_16:53,1.193469
20231203_500119080_16:54,1.190249
20231203_500119080_16:55,1.217719
20231203_500119080_16:56,1.234683
20231203_500119080_16:57,1.211039
20231203_500119080_16:58,1.159351
20231203_500119080_16:59,1.154667
20231203_500119080_17:01,1.263265
20231203_500119080_17:03,1.337092
20231203_500119080_17:04,1.310129
20231203_500119080_17:05,1.271262
20231203_500119080_17:06,1.261549
20231203_500119080_17:07,1.270361
20231203_500119080_17:09,1.351255
20231203_500119080_17:10,1.366032
20231203_500119080_17:12,1.348137
20231203_500119080_17:13,1.402451
20231203_500119080_17:15,1.435415
20231203_500119080_17:16,1.393726
20231203_500119080_17:17,1.315754
20231203_500119080_17:18,1.239142
20231203_500119080_17:19,1.198408
20231203_500119080_17:22,1.166892
20231203_500119080_17:23,1.133059
20231203_500119080_17:25,1.085292
20231203_500119080_17:26,1.105386
20231203_500119080_17:27,1.131046
20231203_500119080_17:28,1.091520
20231203_500119080_17:29,1.047819
20231203_500119080_17:32,0.983443
20231203_500119080_17:33,1.016081
20231203_500119080_17:35,0.994662
20231203_500119080_17:36,0.961965
20231203_500119080_17:37,0.933637
20231203_500119080_17:38,0.931216
20231203_500119080_17:39,0.946312
20231203_500119080_17:41,0.926335
20231203_500119080_17:42,0.869201
20231203_500119080_17:43,0.808872
20231203_500119080_17:44,0.788854
20231203_500119080_17:46,0.846817
20231203_500119080_17:47,0.861003
20231203_500119080_17:49,0.753427
20231203_500119080_17:51,0.837094
20231203_500119080_17:52,0.895766
20231203_500119080_17:53,0.965135
20231203_500119080_17:55,0.920333
20231203_500119080_17:56,0.895354
20231203_500119080_17:57,0.920377
20231203_500119080_17:58,0.992267
20231203_500119080_17:59,1.044581
20231203_500119080_18:01,0.930358
20231203_500119080_18:02,0.872225
20231203_500119080_18:03,0.874753
20231203_500119080_18:04,0.938206
20231203_500119080_18:05,1.007242
20231203_500119080_18:07,0.964353
20231203_500119080_18:08,0.885402
20231203_500119080_18:09,0.845175
20231203_500119080_18:11,0.905162
20231203_500119080_18:12,0.907119
20231203_500119080_18:13,0.845979
20231203_500119080_18:15,0.707946
20231203_500119080_18:16,0.723642
20231203_500119080_18:17,0.792998
20231203_500119080_18:18,0.881503
20231203_500119080_18:19,0.864293
20231203_500119080_18:21,0.733044
20231203_500119080_18:22,0.727400
20231203_500119080_18:23,0.771317
20231203_500119080_18:24,0.809480
20231203_500119080_18:25,0.790518
20231203_500119080_18:26,0.716248
20231203_500119080_18:27,0.641865
20231203_500119080_18:28,0.626457
20231203_500119080_18:29,0.679033
20231203_500119080_18:31,0.780867
20231203_500119080_18:32,0.750731
20231203_500119080_18:33,0.658851
20231203_500119080_18:34,0.622193
20231203_500119080_18:35,0.648783
20231203_500119080_18:36,0.706951
20231203_500119080_18:37,0.735783
20231203_500119080_18:38,0.695478
20231203_500119080_18:39,0.629953
20231203_500119080_18:41,0.634497
20231203_500119080_18:42,0.726543
20231203_500119080_18:43,0.807277
20231203_500119080_18:44,0.839897
20231203_500119080_18:45,0.788046
20231203_500119080_18:47,0.745973
20231203_500119080_18:48,0.804847
20231203_500119080_18:49,0.864073
20231203_500119080_18:50,0.867960
20231203_500119080_18:51,0.835851
20231203_500119080_18:52,0.828260
20231203_500119080_18:53,0.837256
20231203_500119080_18:54,0.867218
20231203_500119080_18:55,0.892584
20231203_500119080_18:56,0.880557
20231203_500119080_18:57,0.822236
20231203_500119080_18:58,0.743423
20231203_500119080_18:59,0.684665
20231203_500119080_19:01,0.709124
20231203_500119080_19:02,0.720988
20231203_500119080_19:03,0.672229
20231203_500119080_19:04,0.633826
20231203_500119080_19:05,0.610139
20231203_500119080_19:06,0.655170
20231203_500119080_19:07,0.685938
20231203_500119080_19:08,0.705141
20231203_500119080_19:09,0.685690
20231203_500119080_19:10,0.631729
20231203_500119080_19:11,0.574982
20231203_500119080_19:12,0.557062
20231203_500119080_19:13,0.580244
20231203_500119080_19:14,0.614551
20231203_500119080_19:15,0.625592
20231203_500119080_19:16,0.604867
20231203_500119080_19:17,0.574933
20231203_500119080_19:18,0.563474
20231203_500119080_19:19,0.574767
20231203_500119080_19:21,0.574975
20231203_500119080_19:22,0.516918
20231203_500119080_19:23,0.437376
20231203_500119080_19:24,0.376787
20231203_500119080_19:25,0.361219
20231203_500119080_19:26,0.404977
20231203_500119080_19:27,0.445329
20231203_500119080_19:28,0.427538
20231203_500119080_19:29,0.393793
20231203_500119080_19:31,0.415689
20231203_500119080_19:32,0.469865
20231203_500119080_19:33,0.518258
20231203_500119080_19:34,0.542712
20231203_500119080_19:35,0.473933
20231203_500119080_19:36,0.443244
20231203_500119080_19:37,0.443840
20231203_500119080_19:38,0.484202
20231203_500119080_19:39,0.503775
20231203_500119080_19:40,0.539834
20231203_500119080_19:41,0.540546
20231203_500119080_19:42,0.522216
20231203_500119080_19:43,0.514638
20231203_500119080_19:44,0.530395
20231203_500119080_19:45,0.550701
20231203_500119080_19:46,0.541468
20231203_500119080_19:47,0.505695
20231203_500119080_19:48,0.429343
20231203_500119080_19:49,0.360850
20231203_500119080_19:50,0.348464
20231203_500119080_19:51,0.383973
20231203_500119080_19:52,0.411790
20231203_500119080_19:53,0.382286
20231203_500119080_19:54,0.299869
20231203_500119080_19:55,0.221087
20231203_500119080_19:56,0.204013
20231203_500119080_19:57,0.255177
20231203_500119080_19:58,0.322768
20231203_500119080_19:59,0.342581
20231203_500119080_20:01,0.220377
20231203_500119080_20:02,0.181269
20231203_500119080_20:03,0.203312
20231203_500119080_20:04,0.252541
20231203_500119080_20:05,0.267784
20231203_500119080_20:06,0.179382
20231203_500119080_20:07,0.136079
20231203_500119080_20:08,0.101363
20231203_500119080_20:09,0.162635
20231203_500119080_20:10,0.257912
20231203_500119080_20:11,0.306122
20231203_500119080_20:12,0.275409
20231203_500119080_20:13,0.207595
20231203_500119080_20:14,0.174539
20231203_500119080_20:15,0.207682
20231203_500119080_20:16,0.275238
20231203_500119080_20:17,0.309394
20231203_500119080_20:18,0.271138
20231203_500119080_20:19,0.192533
20231203_500119080_20:21,0.173751
20231203_500119080_20:22,0.262944
20231203_500119080_20:23,0.340515
20231203_500119080_20:24,0.347012
20231203_500119080_20:25,0.313909
20231203_500119080_20:26,0.308734
20231203_500119080_20:27,0.320660
20231203_500119080_20:28,0.368724
20231203_500119080_20:29,0.415683
20231203_500119080_20:30,0.434769
20231203_500119080_20:31,0.407164
20231203_500119080_20:32,0.359591
20231203_500119080_20:33,0.362415
20231203_500119080_20:34,0.412654
20231203_500119080_20:35,0.473835
20231203_500119080_20:36,0.504075
20231203_500119080_20:37,0.464560
20231203_500119080_20:38,0.397687
20231203_500119080_20:39,0.361919
20231203_500119080_20:40,0.377944
20231203_500119080_20:41,0.411578
20231203_500119080_20:42,0.408761
20231203_500119080_20:43,0.349642
20231203_500119080_20:44,0.271035
20231203_500119080_20:45,0.235589
20231203_500119080_20:46,0.275321
20231203_500119080_20:47,0.361149
20231203_500119080_20:48,0.426673
20231203_500119080_20:49,0.425068
20231203_500119080_20:50,0.367736
20231203_500119080_20:51,0.310247
20231203_500119080_20:52,0.299320
20231203_500119080_20:53,0.330031
20231203_500119080_20:54,0.352520
20231203_500119080_20:55,0.321488
20231203_500119080_20:56,0.242074
20231203_500119080_20:57,0.168915
20231203_500119080_20:58,0.158357
20231203_500119080_20:59,0.217209
20231203_500119080_21:01,0.327747
20231203_500119080_21:02,0.299391
20231203_500119080_21:03,0.233570
20231203_500119080_21:04,0.187125
20231203_500119080_21:05,0.204281
20231203_500119080_21:06,0.264641
20231203_500119080_21:07,0.314400
20231203_500119080_21:08,0.298657
20231203_500119080_21:09,0.226346
20231203_500119080_21:10,0.191884
20231203_500119080_21:11,0.231783
20231203_500119080_21:12,0.338840
20231203_500119080_21:13,0.435474
20231203_500119080_21:14,0.468676
20231203_500119080_21:15,0.441247
20231203_500119080_21:16,0.405079
20231203_500119080_21:17,0.410856
20231203_500119080_21:18,0.460938
20231203_500119080_21:19,0.508737
20231203_500119080_21:21,0.440198
20231203_500119080_21:22,0.383792
20231203_500119080_21:23,0.366099
20231203_500119080_21:24,0.425150
20231203_500119080_21:25,0.508627
20231203_500119080_21:26,0.550553
20231203_500119080_21:27,0.521572
20231203_500119080_21:28,0.457922
20231203_500119080_21:29,0.398318
20231203_500119080_21:30,0.398279
20231203_500119080_21:31,0.452305
20231203_500119080_21:32,0.498928
20231203_500119080_21:33,0.481260
20231203_500119080_21:34,0.401591
20231203_500119080_21:35,0.321614
20231203_500119080_21:36,0.307170
20231203_500119080_21:37,0.368023
20231203_500119080_21:38,0.185704
20231203_500119080_21:39,0.202825
20231203_500119080_21:40,0.243606
20231203_500119080_21:41,0.286498
20231203_500119080_21:42,0.315119
20231203_500119080_21:43,0.325693
20231203_500119080_21:45,0.273207
20231203_500119080_21:46,0.256450
20231203_500119080_21:47,0.232702
20231203_500119080_21:48,0.242514
20231203_500119080_21:49,0.185205
20231203_500119080_21:50,0.176334
20231203_500119080_21:51,0.191977
20231203_500119080_21:52,0.228894
20231203_500119080_21:53,0.273158
20231203_500119080_21:54,0.308460
20231203_500119080_21:55,0.357540
20231203_500119080_21:56,0.356940
20231203_500119080_21:57,0.345131
20231203_500119080_21:58,0.326941
20231203_500119080_21:59,0.302856
20231203_500119080_22:01,0.241619
20231203_500119080_22:02,0.221026
20231203_500119080_22:03,0.222959
20231203_500119080_22:04,0.251174
20231203_500119080_22:05,0.297080
20231203_500119080_22:06,0.344243
20231203_500119080_22:07,0.384693
20231203_500119080_22:08,0.400074
20231203_500119080_22:09,0.400547
20231203_500119080_22:10,0.392071
20231203_500119080_22:11,0.377027
20231203_500119080_22:12,0.354419
20231203_500119080_22:13,0.325364
20231203_500119080_22:14,0.297682
20231203_500119080_22:15,0.277387
20231203_500119080_22:16,0.286881
20231203_500119080_22:17,0.285958
20231203_500119080_22:18,0.326005
20231203_500119080_22:19,0.358365
20231203_500119080_22:21,0.367858
20231203_500119080_22:22,0.350737
20231203_500119080_22:23,0.319965
20231203_500119080_22:24,0.296267
20231203_500119080_22:25,0.259671
20231203_500119080_22:26,0.220982
20231203_500119080_22:27,0.184610
20231203_500119080_22:28,0.208448
20231203_500119080_22:29,0.232771
20231203_500119080_22:31,0.275360
20231203_500119080_22:32,0.313148
20231203_500119080_22:33,0.326665
20231203_500119080_22:34,0.318721
20231203_500119080_22:35,0.308553
20231203_500119080_22:36,0.292663
20231203_500119080_22:37,0.270285
20231203_500119080_22:38,0.164898
20231203_500119080_22:39,0.195849
20231203_500119080_22:40,0.245211
20231203_500119080_22:41,0.287916
20231203_500119080_22:42,0.339812
20231203_500119080_22:43,0.325388
20231203_500119080_22:44,0.280730
20231203_500119080_22:45,0.316224
20231203_500119080_22:46,0.394562
20231203_500119080_22:47,0.420071
20231203_500119080_22:48,0.406581
20231203_500119080_22:49,0.368726
20231203_500119080_22:50,0.341752
20231203_500119080_22:51,0.351015
20231203_500119080_22:52,0.390210
20231203_500119080_22:53,0.433744
20231203_500119080_22:54,0.442259
20231203_500119080_22:55,0.421876
20231203_500119080_22:56,0.399069
20231203_500119080_22:57,0.385647
20231203_500119080_22:58,0.408195
20231203_500119080_22:59,0.473381
20231203_500119080_23:01,0.520514
20231203_500119080_23:02,0.468317
20231203_500119080_23:03,0.422991
20231203_500119080_23:04,0.410060
20231203_500119080_23:05,0.425853
20231203_500119080_23:06,0.451069
20231203_500119080_23:07,0.484246
20231203_500119080_23:08,0.472723
20231203_500119080_23:09,0.410211
20231203_500119080_23:10,0.407601
20231203_500119080_23:11,0.428826
20231203_500119080_23:12,0.399087
20231203_500119080_23:13,0.360484
20231203_500119080_23:15,0.228613
20231203_500119080_23:16,0.198579
20231203_500119080_23:17,0.229518
20231203_500119080_23:18,0.267527
20231203_500119080_23:19,0.300511
20231203_500119080_23:21,0.232065
20231203_500119080_23:22,0.158561
20231203_500119080_23:23,0.143290
20231203_500119080_23:24,0.197332
20231203_500119080_23:25,0.254860
20231203_500119080_23:26,0.255242
20231203_500119080_23:27,0.166229
20231203_500119080_23:28,0.099116
20231203_500119080_23:29,0.094490
20231203_500119080_23:30,0.168246
20231203_500119080_23:31,0.280707
20231203_500119080_23:32,0.312308
20231203_500119080_23:33,0.289809
20231203_500119080_23:34,0.222293
20231203_500119080_23:35,0.191151
20231203_500119080_23:36,0.216712
20231203_500119080_23:37,0.266067
20231203_500119080_23:38,0.289200
20231203_500119080_23:39,0.255229
20231203_500119080_23:40,0.175988
20231203_500119080_23:41,0.149299
20231203_500119080_23:42,0.172786
20231203_500119080_23:43,0.258714
20231203_500119080_23:44,0.337769
20231203_500119080_23:45,0.349114
20231203_500119080_23:46,0.290146
20231203_500119080_23:47,0.222333
20231203_500119080_23:48,0.209815
20231203_500119080_23:49,0.261882
20231203_500119080_23:50,0.325691
20231204_500119080_00:01,0.467282
20231204_500119080_00:02,0.415318
20231204_500119080_00:03,0.393479
20231204_500119080_00:04,0.418865
20231204_500119080_00:05,0.475634
20231204_500119080_00:06,0.528515
20231204_500119080_00:07,0.552275
20231204_500119080_00:08,0.550677
20231204_500119080_00:09,0.552169
20231204_500119080_00:10,0.575166
20231204_500119080_00:11,0.605641
20231204_500119080_00:12,0.617637
20231204_500119080_00:13,0.592733
20231204_500119080_00:14,0.539197
20231204_500119080_00:15,0.487479
20231204_500119080_00:16,0.440031
20231204_500119080_00:17,0.435052
20231204_500119080_00:18,0.502409
20231204_500119080_00:19,0.504799
20231204_500119080_00:21,0.424889
20231204_500119080_00:22,0.388459
20231204_500119080_00:23,0.370156
20231204_500119080_00:24,0.352249
20231204_500119080_00:25,0.337670
20231204_500119080_00:26,0.288950
20231204_500119080_00:27,0.227314
20231204_500119080_00:28,0.193697
20231204_500119080_00:29,0.186847
20231204_500119080_00:30,0.229170
20231204_500119080_00:31,0.301263
20231204_500119080_00:32,0.329670
20231204_500119080_00:33,0.323914
20231204_500119080_00:34,0.314615
20231204_500119080_00:35,0.327654
20231204_500119080_00:36,0.372617
20231204_500119080_00:37,0.389701
20231204_500119080_00:38,0.368643
20231204_500119080_00:39,0.326217
20231204_500119080_00:40,0.266228
20231204_500119080_00:41,0.225870
20231204_500119080_00:42,0.257534
20231204_500119080_00:43,0.349503
20231204_500119080_00:44,0.434382
20231204_500119080_00:45,0.437143
20231204_500119080_00:46,0.445649
20231204_500119080_00:47,0.443302
20231204_500119080_00:48,0.449912
20231204_500119080_00:49,0.464694
20231204_500119080_00:50,0.462293
20231204_500119080_00:51,0.428280
20231204_500119080_00:52,0.382081
20231204_500119080_00:53,0.360041
20231204_500119080_00:54,0.382373
20231204_500119080_00:55,0.443667
20231204_500119080_00:56,0.529009
20231204_500119080_00:57,0.571078
20231204_500119080_00:58,0.580151
20231204_500119080_00:59,0.586466
20231204_500119080_01:00,0.612245
20231204_500119080_01:01,0.663498
20231204_500119080_01:02,0.683700
20231204_500119080_01:03,0.668535
20231204_500119080_01:04,0.626385
20231204_500119080_01:05,0.588230
20231204_500119080_01:06,0.537794
20231204_500119080_01:07,0.545007
20231204_500119080_01:08,0.603654
20231204_500119080_01:09,0.670109
20231204_500119080_01:10,0.658103
20231204_500119080_01:11,0.622624
20231204_500119080_01:12,0.591754
20231204_500119080_01:13,0.583193
20231204_500119080_01:14,0.578809
20231204_500119080_01:15,0.574475
20231204_500119080_01:16,0.540893
20231204_500119080_01:18,0.450721
20231204_500119080_01:19,0.478432
20231204_500119080_01:21,0.596613
20231204_500119080_01:22,0.641596
20231204_500119080_01:24,0.664200
20231204_500119080_01:25,0.653194
20231204_500119080_01:26,0.669186
20231204_500119080_01:27,0.729046
20231204_500119080_01:28,0.778290
20231204_500119080_01:29,0.755509
20231204_500119080_01:31,0.681769
20231204_500119080_01:32,0.697792
20231204_500119080_01:33,0.712735
20231204_500119080_01:34,0.743806
20231204_500119080_01:35,0.761977
20231204_500119080_01:36,0.749657
20231204_500119080_01:37,0.719223
20231204_500119080_01:39,0.706938
20231204_500119080_01:41,0.946249
20231204_500119080_01:42,0.919882
20231204_500119080_01:43,0.927908
20231204_500119080_01:44,0.873473
20231204_500119080_01:45,0.810586
20231204_500119080_01:46,0.794746
20231204_500119080_01:47,0.795281
20231204_500119080_01:48,0.824244
20231204_500119080_01:49,0.856474
20231204_500119080_01:51,0.784091
20231204_500119080_01:52,0.775490
20231204_500119080_01:53,0.783093
20231204_500119080_01:54,0.790653
20231204_500119080_01:55,0.786462
20231204_500119080_01:56,0.806602
20231204_500119080_01:57,0.810465
20231204_500119080_01:58,0.757694
20231204_500119080_01:59,0.708741
20231204_500119080_02:01,0.555896
20231204_500119080_02:02,0.538471
20231204_500119080_02:04,0.592594
20231204_500119080_02:05,0.581221
20231204_500119080_02:06,0.531882
20231204_500119080_02:07,0.482953
20231204_500119080_02:08,0.473785
20231204_500119080_02:09,0.505141
20231204_500119080_02:11,0.550475
20231204_500119080_02:13,0.455683
20231204_500119080_02:14,0.438123
20231204_500119080_02:15,0.473582
20231204_500119080_02:16,0.465425
20231204_500119080_02:17,0.500209
20231204_500119080_02:18,0.509758
20231204_500119080_02:19,0.469605
20231204_500119080_02:22,0.455563
20231204_500119080_02:23,0.501114
20231204_500119080_02:24,0.505985
20231204_500119080_02:25,0.450956
20231204_500119080_02:26,0.407045
20231204_500119080_02:27,0.412977
20231204_500119080_02:28,0.447407
20231204_500119080_02:29,0.485481
20231204_500119080_02:31,0.496511
20231204_500119080_02:32,0.462485
20231204_500119080_02:33,0.423060
20231204_500119080_02:34,0.409567
20231204_500119080_02:35,0.416256
20231204_500119080_02:36,0.436920
20231204_500119080_02:37,0.484499
20231204_500119080_02:38,0.471869
20231204_500119080_02:39,0.443531
20231204_500119080_02:40,0.422921
20231204_500119080_02:41,0.349030
20231204_500119080_02:42,0.342804
20231204_500119080_02:43,0.326585
20231204_500119080_02:44,0.310590
20231204_500119080_02:45,0.313301
20231204_500119080_02:46,0.338201
20231204_500119080_02:47,0.343314
20231204_500119080_02:48,0.356918
20231204_500119080_02:49,0.548890
20231204_500119080_02:50,0.480034
20231204_500119080_02:51,0.416320
20231204_500119080_02:52,0.392900
20231204_500119080_02:53,0.428475
20231204_500119080_02:54,0.477895
20231204_500119080_02:55,0.488973
20231204_500119080_02:56,0.465009
20231204_500119080_02:57,0.429456
20231204_500119080_02:58,0.408261
20231204_500119080_02:59,0.457506
20231204_500119080_03:00,0.524259
20231204_500119080_03:01,0.557997
20231204_500119080_03:02,0.544096
20231204_500119080_03:03,0.506785
20231204_500119080_03:04,0.486115
20231204_500119080_03:05,0.522441
20231204_500119080_03:06,0.570951
20231204_500119080_03:07,0.597736
20231204_500119080_03:08,0.618393
20231204_500119080_03:09,0.617976
20231204_500119080_03:10,0.568862
20231204_500119080_03:11,0.028597
20231204_500119080_03:12,0.026511
20231204_500119080_03:13,0.041278
20231204_500119080_03:14,0.046467
20231204_500119080_03:15,0.084037
20231204_500119080_03:16,0.128547
20231204_500119080_03:17,0.173984
20231204_500119080_03:18,0.135875
20231204_500119080_03:19,0.089657
20231204_500119080_03:21,0.007535
20231204_500119080_03:22,0.022148
20231204_500119080_03:23,0.030698
20231204_500119080_03:24,0.041675
20231204_500119080_03:25,0.072032
20231204_500119080_03:26,0.090537
20231204_500119080_03:27,0.530989
20231204_500119080_03:28,0.496189
20231204_500119080_03:29,0.491228
20231204_500119080_03:30,0.498613
20231204_500119080_03:31,0.489959
20231204_500119080_03:32,0.443549
20231204_500119080_03:33,0.415935
20231204_500119080_03:34,0.378696
20231204_500119080_03:35,0.299083
20231204_500119080_03:36,0.277584
20231204_500119080_03:37,0.249478
20231204_500119080_03:38,0.205155
20231204_500119080_03:39,0.153402
20231204_500119080_03:40,0.070104
20231204_500119080_03:41,0.071068
20231204_500119080_03:42,0.096701
20231204_500119080_03:43,0.134443
20231204_500119080_03:44,0.142834
20231204_500119080_03:45,0.136509
20231204_500119080_03:46,0.105137
20231204_500119080_03:47,0.080607
20231204_500119080_03:48,0.072586
20231204_500119080_03:49,0.124489
20231204_500119080_03:50,0.123454
20231204_500119080_03:51,0.116302
20231204_500119080_03:52,0.165341
20231204_500119080_03:53,0.188058
20231204_500119080_03:54,0.240051
20231204_500119080_03:55,0.356615
20231204_500119080_03:56,0.414808
20231204_500119080_03:57,0.441293
20231204_500119080_03:58,0.437134
20231204_500119080_03:59,0.473682
20231204_500119080_04:00,0.469106
20231204_500119080_04:01,0.487420
20231204_500119080_04:02,0.491466
20231204_500119080_04:03,0.495804
20231204_500119080_04:04,0.536735
20231204_500119080_04:05,0.540498
20231204_500119080_04:06,0.572615
20231204_500119080_04:07,0.642806
20231204_500119080_04:08,0.806823
20231204_500119080_04:09,0.270238
20231204_500119080_04:10,0.157984
20231204_500119080_04:11,0.019008
20231204_500119080_04:12,0.018812
20231204_500119080_04:13,0.043804
20231204_500119080_04:14,0.056176
20231204_500119080_04:15,0.028118
20231204_500119080_04:16,0.024133
20231204_500119080_04:17,0.046977
20231204_500119080_04:18,0.011513
20231204_500119080_04:19,0.067772
20231204_500119080_04:21,0.164998
20231204_500119080_04:22,1.164781
20231204_500119080_04:23,1.169951
20231204_500119080_04:24,1.097819
20231204_500119080_04:25,0.967031
20231204_500119080_04:26,0.906417
20231204_500119080_04:27,0.894926
20231204_500119080_04:28,0.822255
20231204_500119080_04:29,0.691349
20231204_500119080_04:30,0.669357
20231204_500119080_04:31,0.614062
20231204_500119080_04:32,0.645184
20231204_500119080_04:33,0.523002
20231204_500119080_04:34,0.496679
20231204_500119080_04:35,0.442359
20231204_500119080_04:36,0.368742
20231204_500119080_04:37,0.285818
20231204_500119080_04:38,0.216225
20231204_500119080_04:39,0.119285
20231204_500119080_04:40,0.071194
20231204_500119080_04:41,0.014910
20231204_500119080_04:42,0.091097
20231204_500119080_04:43,0.219770
20231204_500119080_04:44,0.245086
20231204_500119080_04:45,0.270226
20231204_500119080_04:46,0.233332
20231204_500119080_04:47,0.302186
20231204_500119080_04:48,0.436292
20231204_500119080_04:49,0.544317
20231204_500119080_04:50,0.686557
20231204_500119080_04:51,0.731084
20231204_500119080_04:52,0.816934
20231204_500119080_04:54,0.990248
20231204_500119080_04:55,1.135310
20231204_500119080_04:56,1.233165
20231204_500119080_04:58,1.314335
20231204_500119080_04:59,1.333362
20231204_500119080_05:00,1.382290
20231204_500119080_05:01,1.407604
20231204_500119080_05:03,1.499052
20231204_500119080_05:04,1.425992
20231204_500119080_05:05,1.471326
20231204_500119080_05:06,1.481725
20231204_500119080_05:07,1.555289
20231204_500119080_05:09,1.659851
20231204_500119080_05:11,1.759074
20231204_500119080_05:13,1.827284
20231204_500119080_05:14,1.939313
20231204_500119080_05:15,2.001482
20231204_500119080_05:16,2.024322
20231204_500119080_05:17,2.005158
20231204_500119080_05:18,2.132124
20231204_500119080_05:19,2.222476
20231204_500119080_05:22,2.409435
20231204_500119080_05:24,2.432624
20231204_500119080_05:25,2.336816
20231204_500119080_05:26,2.334398
20231204_500119080_05:27,2.438444
20231204_500119080_05:28,2.423669
20231204_500119080_05:29,2.336853
20231204_500119080_05:31,2.459711
20231204_500119080_05:32,2.547347
20231204_500119080_05:33,2.475302
20231204_500119080_05:34,2.499133
20231204_500119080_05:35,2.391065
20231204_500119080_05:36,2.363615
20231204_500119080_05:37,2.354257
20231204_500119080_05:38,2.372550
20231204_500119080_05:39,2.339314
20231204_500119080_05:41,2.345198
20231204_500119080_05:42,2.347119
20231204_500119080_05:43,2.312529
20231204_500119080_05:44,2.353889
20231204_500119080_05:46,2.283087
20231204_500119080_05:48,2.047245
20231204_500119080_05:49,2.021601
20231204_500119080_05:51,1.911844
20231204_500119080_05:52,1.904270
20231204_500119080_05:53,1.835353
20231204_500119080_05:54,1.825612
20231204_500119080_05:55,1.812744
20231204_500119080_05:56,1.817386
20231204_500119080_05:57,1.780715
20231204_500119080_05:59,1.689951
20231204_500119080_06:01,1.624054
20231204_500119080_06:03,1.533661
20231204_500119080_06:04,1.555927
20231204_500119080_06:05,1.633409
20231204_500119080_06:06,1.652517
20231204_500119080_06:07,1.615807
20231204_500119080_06:08,1.585129
20231204_500119080_06:09,1.615756
20231204_500119080_06:11,1.509795
20231204_500119080_06:12,1.492776
20231204_500119080_06:13,1.458418
20231204_500119080_06:14,1.393324
20231204_500119080_06:15,1.407544
20231204_500119080_06:16,1.375522
20231204_500119080_06:17,1.387265
20231204_500119080_06:18,1.314841
20231204_500119080_06:19,1.246282
20231204_500119080_06:21,1.185645
20231204_500119080_06:22,1.188672
20231204_500119080_06:23,1.132646
20231204_500119080_06:24,1.051186
20231204_500119080_06:25,0.942755
20231204_500119080_06:26,0.875707
20231204_500119080_06:27,0.826087
20231204_500119080_06:28,0.808627
20231204_500119080_06:29,0.817062
20231204_500119080_06:31,0.838176
20231204_500119080_06:32,0.836531
20231204_500119080_06:33,0.838721
20231204_500119080_06:35,0.968211
20231204_500119080_06:36,1.068553
20231204_500119080_06:37,1.090096
20231204_500119080_06:38,1.089239
20231204_500119080_06:39,1.053562
20231204_500119080_06:40,1.102580
20231204_500119080_06:41,1.338375
20231204_500119080_06:43,1.623730
20231204_500119080_06:44,1.629028
20231204_500119080_06:45,1.802257
20231204_500119080_06:46,1.804114
20231204_500119080_06:47,1.867875
20231204_500119080_06:48,1.915318
20231204_500119080_06:49,1.881609
20231204_500119080_06:50,1.879134
20231204_500119080_06:51,1.888043
20231204_500119080_06:52,1.830672
20231204_500119080_06:53,1.903094
20231204_500119080_06:55,1.998391
20231204_500119080_06:56,2.003819
20231204_500119080_06:57,2.120038
20231204_500119080_06:58,2.166426
20231204_500119080_06:59,2.238275
20231204_500119080_07:02,2.572484
20231204_500119080_07:03,2.549656
20231204_500119080_07:04,2.513693
20231204_500119080_07:06,2.542814
20231204_500119080_07:07,2.574149
20231204_500119080_07:09,2.501787
20231204_500119080_07:10,2.432828
20231204_500119080_07:11,2.410593
20231204_500119080_07:12,2.422908
20231204_500119080_07:13,2.457311
20231204_500119080_07:14,2.445856
20231204_500119080_07:15,2.333958
20231204_500119080_07:16,2.232125
20231204_500119080_07:17,2.217269
20231204_500119080_07:18,2.149031
20231204_500119080_07:19,2.170930
20231204_500119080_07:21,2.166580
20231204_500119080_07:22,2.120936
20231204_500119080_07:23,2.096683
20231204_500119080_07:24,2.126667
20231204_500119080_07:25,2.196819
20231204_500119080_07:26,2.198749
20231204_500119080_07:27,2.140886
20231204_500119080_07:28,2.021352
20231204_500119080_07:29,1.827913
20231204_500119080_07:31,1.613887
20231204_500119080_07:32,1.547839
20231204_500119080_07:33,1.456270
20231204_500119080_07:34,1.300696
20231204_500119080_07:35,1.228820
20231204_500119080_07:36,1.101354
20231204_500119080_07:37,1.110876
20231204_500119080_07:38,1.025031
20231204_500119080_07:39,0.965524
20231204_500119080_07:40,0.765327
20231204_500119080_07:41,0.448392
20231204_500119080_07:42,0.241396
20231204_500119080_07:43,0.036203
20231204_500119080_07:44,0.130330
20231204_500119080_07:45,0.307863
20231204_500119080_07:46,0.337528
20231204_500119080_07:47,0.376740
20231204_500119080_07:48,0.414036
20231204_500119080_07:49,0.436101
20231204_500119080_07:50,0.448887
20231204_500119080_07:51,0.473577
20231204_500119080_07:52,0.473539
20231204_500119080_07:53,0.551171
20231204_500119080_07:54,0.638932
20231204_500119080_07:55,0.711995
20231204_500119080_07:56,0.757192
20231204_500119080_07:57,0.832085
20231204_500119080_07:58,0.818227
20231204_500119080_07:59,0.856557
20231204_500119080_08:01,0.907213
20231204_500119080_08:02,0.849109
20231204_500119080_08:03,0.840408
20231204_500119080_08:04,0.798719
20231204_500119080_08:05,0.835224
20231204_500119080_08:06,0.891633
20231204_500119080_08:07,0.893649
20231204_500119080_08:08,0.918433
20231204_500119080_08:09,0.810864
20231204_500119080_08:10,0.735422
20231204_500119080_08:11,0.673477
20231204_500119080_08:12,0.659593
20231204_500119080_08:13,0.598093
20231204_500119080_08:14,0.527374
20231204_500119080_08:15,0.446920
20231204_500119080_08:16,0.415027
20231204_500119080_08:17,0.323223
20231204_500119080_08:18,0.356310
20231204_500119080_08:19,0.433676
20231204_500119080_08:21,0.406084
20231204_500119080_08:22,0.378938
20231204_500119080_08:23,0.346721
20231204_500119080_08:24,0.387192
20231204_500119080_08:25,0.376944
20231204_500119080_08:26,0.315678
20231204_500119080_08:27,0.332293
20231204_500119080_08:28,0.355753
20231204_500119080_08:29,0.353204
20231204_500119080_08:31,0.444826
20231204_500119080_08:32,0.525126
20231204_500119080_08:33,0.531282
20231204_500119080_08:34,0.499048
20231204_500119080_08:35,0.493576
20231204_500119080_08:36,0.335657
20231204_500119080_08:37,0.351292
20231204_500119080_08:38,0.307094
20231204_500119080_08:39,0.188364
20231204_500119080_08:40,0.078017
20231204_500119080_08:41,0.000620
20231204_500119080_08:42,0.038593
20231204_500119080_08:43,0.047889
20231204_500119080_08:44,0.090053
20231204_500119080_08:45,0.139733
20231204_500119080_08:46,0.164621
20231204_500119080_08:47,0.262543
20231204_500119080_08:48,0.326981
20231204_500119080_08:49,0.416797
20231204_500119080_08:50,0.440950
20231204_500119080_08:51,0.510520
20231204_500119080_08:52,0.535969
20231204_500119080_08:53,0.614025
20231204_500119080_08:54,0.616385
20231204_500119080_08:55,0.613911
20231204_500119080_08:56,0.618323
20231204_500119080_08:57,0.577678
20231204_500119080_08:58,0.543414
20231204_500119080_08:59,0.596213
20231204_500119080_09:01,0.576165
20231204_500119080_09:02,0.581724
20231204_500119080_09:03,0.593278
20231204_500119080_09:04,0.618490
20231204_500119080_09:05,0.650909
20231204_500119080_09:06,0.628699
20231204_500119080_09:07,0.620753
20231204_500119080_09:08,0.593206
20231204_500119080_09:09,0.459430
20231204_500119080_09:10,0.456760
20231204_500119080_09:11,0.443077
20231204_500119080_09:12,0.445077
20231204_500119080_09:13,0.447585
20231204_500119080_09:14,0.442397
20231204_500119080_09:15,0.435035
20231204_500119080_09:16,0.479934
20231204_500119080_09:17,0.503717
20231204_500119080_09:18,0.552046
20231204_500119080_09:19,0.557162
20231204_500119080_09:21,0.461423
20231204_500119080_09:22,0.411390
20231204_500119080_09:23,0.383401
20231204_500119080_09:25,0.436100
20231204_500119080_09:26,0.404744
20231204_500119080_09:28,0.512625
20231204_500119080_09:29,0.534837
20231204_500119080_09:31,0.698171
20231204_500119080_09:32,0.703639
20231204_500119080_09:34,0.597634
20231204_500119080_09:35,0.601235
20231204_500119080_09:36,0.549879
20231204_500119080_09:37,0.600859
20231204_500119080_09:38,0.653146
20231204_500119080_09:39,0.653803
20231204_500119080_09:41,0.694386
20231204_500119080_09:42,0.707637
20231204_500119080_09:43,0.764701
20231204_500119080_09:44,0.760472
20231204_500119080_09:45,0.768635
20231204_500119080_09:46,0.752967
20231204_500119080_09:47,0.649663
20231204_500119080_09:48,0.651719
20231204_500119080_09:49,0.636252
20231204_500119080_09:50,0.721350
20231204_500119080_09:52,0.749748
20231204_500119080_09:54,0.848485
20231204_500119080_09:55,0.882973
20231204_500119080_09:56,0.903187
20231204_500119080_09:57,0.910731
20231204_500119080_09:59,0.817972
20231204_500119080_10:01,0.754876
20231204_500119080_10:02,0.669654
20231204_500119080_10:03,0.623509
20231204_500119080_10:04,0.666727
20231204_500119080_10:06,0.624320
20231204_500119080_10:07,0.632860
20231204_500119080_10:08,0.612595
20231204_500119080_10:09,0.623575
20231204_500119080_10:11,0.471117
20231204_500119080_10:12,0.375578
20231204_500119080_10:13,0.353276
20231204_500119080_10:15,0.321063
20231204_500119080_10:16,0.302000
20231204_500119080_10:17,0.234607
20231204_500119080_10:19,0.294830
20231204_500119080_10:22,0.388979
20231204_500119080_10:23,0.388367
20231204_500119080_10:25,0.339421
20231204_500119080_10:26,0.336253
20231204_500119080_10:27,0.311026
20231204_500119080_10:28,0.281888
20231204_500119080_10:29,0.347930
20231204_500119080_10:31,0.224298
20231204_500119080_10:32,0.241580
20231204_500119080_10:33,0.223494
20231204_500119080_10:34,0.236497
20231204_500119080_10:35,0.217787
20231204_500119080_10:37,0.017945
20231204_500119080_10:38,0.110179
20231204_500119080_10:39,0.174206
20231204_500119080_10:41,0.266501
20231204_500119080_10:42,0.322544
20231204_500119080_10:43,0.370048
20231204_500119080_10:44,0.413810
20231204_500119080_10:45,0.430868
20231204_500119080_10:46,0.408544
20231204_500119080_10:47,0.421200
20231204_500119080_10:48,0.464229
20231204_500119080_10:49,0.535309
20231204_500119080_10:50,0.702581
20231204_500119080_10:52,0.831479
20231204_500119080_10:53,0.526715
20231204_500119080_10:55,0.676676
20231204_500119080_10:56,0.651415
20231204_500119080_10:58,0.492624
20231204_500119080_10:59,0.861479
20231204_500119080_11:01,0.939535
20231204_500119080_11:03,1.029748
20231204_500119080_11:04,1.089663
20231204_500119080_11:05,1.072652
20231204_500119080_11:06,1.000488
20231204_500119080_11:07,1.015357
20231204_500119080_11:08,0.972673
20231204_500119080_11:09,0.924122
20231204_500119080_11:11,0.844984
20231204_500119080_11:12,0.795028
20231204_500119080_11:13,0.809590
20231204_500119080_11:14,0.817135
20231204_500119080_11:15,0.835897
20231204_500119080_11:16,0.843199
20231204_500119080_11:17,0.828925
20231204_500119080_11:18,0.839686
20231204_500119080_11:19,0.817117
20231204_500119080_11:21,0.797684
20231204_500119080_11:22,0.788788
20231204_500119080_11:23,0.735421
20231204_500119080_11:24,0.723329
20231204_500119080_11:25,0.698428
20231204_500119080_11:26,0.742802
20231204_500119080_11:27,0.746328
20231204_500119080_11:28,0.800006
20231204_500119080_11:29,0.827328
20231204_500119080_11:30,0.827817
20231204_500119080_11:31,0.784581
20231204_500119080_11:32,0.690216
20231204_500119080_11:33,0.653234
20231204_500119080_11:34,0.603460
20231204_500119080_11:35,0.577957
20231204_500119080_11:36,0.487940
20231204_500119080_11:37,0.447252
20231204_500119080_11:38,0.446315
20231204_500119080_11:39,0.419079
20231204_500119080_11:40,0.437808
20231204_500119080_11:41,0.446784
20231204_500119080_11:42,0.435403
20231204_500119080_11:43,0.373004
20231204_500119080_11:44,0.344420
20231204_500119080_11:45,0.358587
20231204_500119080_11:46,0.321770
20231204_500119080_11:47,0.300599
20231204_500119080_11:48,0.219275
20231204_500119080_11:49,0.169333
20231204_500119080_11:50,0.136218
20231204_500119080_11:51,0.141970
20231204_500119080_11:52,0.163990
20231204_500119080_11:53,0.188517
20231204_500119080_11:54,0.184789
20231204_500119080_11:55,0.144917
20231204_500119080_11:56,0.137703
20231204_500119080_11:57,0.176857
20231204_500119080_11:58,0.200545
20231204_500119080_11:59,0.186192
20231204_500119080_12:01,0.050303
20231204_500119080_12:02,0.049720
20231204_500119080_12:03,0.103828
20231204_500119080_12:04,0.104082
20231204_500119080_12:05,0.144633
20231204_500119080_12:06,0.067611
20231204_500119080_12:07,0.095705
20231204_500119080_12:08,0.102204
20231204_500119080_12:09,0.165114
20231204_500119080_12:10,0.198657
20231204_500119080_12:11,0.203748
20231204_500119080_12:12,0.262308
20231204_500119080_12:13,0.275877
20231204_500119080_12:14,0.354614
20231204_500119080_12:15,0.350891
20231204_500119080_12:16,0.345702
20231204_500119080_12:17,0.293893
20231204_500119080_12:18,0.263677
20231204_500119080_12:19,0.226936
20231204_500119080_12:21,0.200826
20231204_500119080_12:22,0.202384
20231204_500119080_12:23,0.180985
20231204_500119080_12:24,0.189728
20231204_500119080_12:25,0.207915
20231204_500119080_12:26,0.258980
20231204_500119080_12:27,0.262422
20231204_500119080_12:28,0.262664
20231204_500119080_12:29,0.215067
20231204_500119080_12:30,0.186361
20231204_500119080_12:31,0.106630
20231204_500119080_12:32,0.197684
20231204_500119080_12:33,0.173698
20231204_500119080_12:34,0.301104
20231204_500119080_12:35,0.388734
20231204_500119080_12:36,0.409752
20231204_500119080_12:37,0.358572
20231204_500119080_12:38,0.255625
20231204_500119080_12:39,0.249701
20231204_500119080_12:40,0.257047
20231204_500119080_12:41,0.287923
20231204_500119080_12:42,0.233933
20231204_500119080_12:43,0.249690
20231204_500119080_12:44,0.222343
20231204_500119080_12:45,0.189458
20231204_500119080_12:46,0.258534
20231204_500119080_12:47,0.296858
20231204_500119080_12:48,0.336663
20231204_500119080_12:49,0.304583
20231204_500119080_12:50,0.252398
20231204_500119080_12:51,0.163984
20231204_500119080_12:52,0.064961
20231204_500119080_12:53,0.029396
20231204_500119080_12:54,0.012349
20231204_500119080_12:55,0.085586
20231204_500119080_12:56,0.075311
20231204_500119080_12:57,0.006355
20231204_500119080_12:58,0.014731
20231204_500119080_12:59,0.092124
20231204_500119080_13:01,0.172416
20231204_500119080_13:02,0.232571
20231204_500119080_13:03,0.167797
20231204_500119080_13:04,0.051231
20231204_500119080_13:05,0.027359
20231204_500119080_13:06,0.021994
20231204_500119080_13:07,0.075543
20231204_500119080_13:08,0.054580
20231204_500119080_13:09,0.002247
20231204_500119080_13:10,0.012111
20231204_500119080_13:11,0.022048
20231204_500119080_13:12,0.005996
20231204_500119080_13:13,0.002104
20231204_500119080_13:14,0.025049
20231204_500119080_13:15,0.033963
20231204_500119080_13:16,0.094414
20231204_500119080_13:17,0.133808
20231204_500119080_13:18,0.118307
20231204_500119080_13:19,0.099670
20231204_500119080_13:21,0.064892
20231204_500119080_13:22,0.034106
20231204_500119080_13:23,0.048599
20231204_500119080_13:24,0.055127
20231204_500119080_13:25,0.036233
20231204_500119080_13:26,0.049937
20231204_500119080_13:27,0.051408
20231204_500119080_13:28,0.109483
20231204_500119080_13:29,0.170709
20231204_500119080_13:30,0.181015
20231204_500119080_13:31,0.130481
20231204_500119080_13:32,0.087922
20231204_500119080_13:33,0.001155
20231204_500119080_13:34,0.025454
20231204_500119080_13:35,0.018057
20231204_500119080_13:36,0.033432
20231204_500119080_13:38,0.030615
20231204_500119080_13:39,0.054829
20231204_500119080_13:41,0.196015
20231204_500119080_13:43,0.268634
20231204_500119080_13:44,0.292947
20231204_500119080_13:45,0.276375
20231204_500119080_13:46,0.261495
20231204_500119080_13:47,0.292085
20231204_500119080_13:48,0.277624
20231204_500119080_13:49,0.290619
20231204_500119080_13:53,0.312724
20231204_500119080_14:01,0.192148
20231204_500119080_14:08,0.132270
20231204_500119080_14:10,0.004923
20231204_500119080_14:17,0.106566
20231204_500119080_14:29,0.048490
20231204_500119080_14:39,0.239140
20231204_500119080_14:48,0.071484
20231204_500119080_15:06,0.070759
20231204_500119080_15:17,0.854590
20231204_500119080_15:18,0.852719
20231204_500119080_15:19,0.866310
20231204_500119080_15:21,0.808802
20231204_500119080_15:22,0.746346
20231204_500119080_15:23,0.678786
20231204_500119080_15:24,0.651580
20231204_500119080_15:25,0.618603
20231204_500119080_15:26,0.615847
20231204_500119080_15:27,0.644261
20231204_500119080_15:28,0.647964
20231204_500119080_15:29,0.582066
20231204_500119080_15:31,0.497594
20231204_500119080_15:32,0.488696
20231204_500119080_15:33,0.474367
20231204_500119080_15:34,0.460583
20231204_500119080_15:35,0.429608
20231204_500119080_15:36,0.380019
20231204_500119080_15:37,0.343882
20231204_500119080_15:38,0.320317
20231204_500119080_15:39,0.352882
20231204_500119080_15:40,0.358653
20231204_500119080_15:41,0.356917
20231204_500119080_15:42,0.333952
20231204_500119080_15:43,0.301733
20231204_500119080_15:44,0.303421
20231204_500119080_15:45,0.302565
20231204_500119080_15:46,0.313802
20231204_500119080_15:47,0.316972
20231204_500119080_15:48,0.303347
20231204_500119080_15:49,0.280060
20231204_500119080_15:50,0.259369
20231204_500119080_15:51,0.257666
20231204_500119080_15:52,0.297766
20231204_500119080_15:53,0.314883
20231204_500119080_15:54,0.319693
20231204_500119080_15:55,0.277534
20231204_500119080_15:56,0.254428
20231204_500119080_15:57,0.243601
20231204_500119080_15:58,0.252544
20231204_500119080_15:59,0.264887
20231204_500119080_16:01,0.266333
20231204_500119080_16:02,0.236910
20231204_500119080_16:03,0.222457
20231204_500119080_16:04,0.211965
20231204_500119080_16:05,0.238352
20231204_500119080_16:06,0.254666
20231204_500119080_16:07,0.252723
20231204_500119080_16:08,0.240160
20231204_500119080_16:09,0.232570
20231204_500119080_16:10,0.244664
20231204_500119080_16:11,0.270203
20231204_500119080_16:12,0.289628
20231204_500119080_16:13,0.288353
20231204_500119080_16:14,0.252712
20231204_500119080_16:15,0.207484
20231204_500119080_16:16,0.222607
20231204_500119080_16:17,0.279756
20231204_500119080_16:18,0.304681
20231204_500119080_16:19,0.276416
20231204_500119080_16:21,0.233281
20231204_500119080_16:22,0.282726
20231204_500119080_16:23,0.341926
20231204_500119080_16:24,0.370594
20231204_500119080_16:25,0.384294
20231204_500119080_16:26,0.374903
20231204_500119080_16:27,0.331188
20231204_500119080_16:28,0.327573
20231204_500119080_16:29,0.385626
20231204_500119080_16:30,0.451674
20231204_500119080_16:31,0.489750
20231204_500119080_16:32,0.469468
20231204_500119080_16:33,0.444016
20231204_500119080_16:34,0.477746
20231204_500119080_16:35,0.502011
20231204_500119080_16:36,0.541273
20231204_500119080_16:37,0.587963
20231204_500119080_16:38,0.591085
20231204_500119080_16:39,0.545521
20231204_500119080_16:40,0.466536
20231204_500119080_16:41,0.502491
20231204_500119080_16:42,0.554694
20231204_500119080_16:43,0.629241
20231204_500119080_16:44,0.620989
20231204_500119080_16:45,0.566203
20231204_500119080_16:46,0.561816
20231204_500119080_16:47,0.608113
20231204_500119080_16:48,0.560176
20231204_500119080_16:49,0.489753
20231204_500119080_16:50,0.436628
20231204_500119080_16:51,0.432786
20231204_500119080_16:52,0.473626
20231204_500119080_16:53,0.521068
20231204_500119080_16:54,0.531027
20231204_500119080_16:55,0.513999
20231204_500119080_16:56,0.483216
20231204_500119080_16:57,0.480707
20231204_500119080_16:58,0.508588
20231204_500119080_16:59,0.553615
20231204_500119080_17:01,0.551372
20231204_500119080_17:02,0.523505
20231204_500119080_17:03,0.514082
20231204_500119080_17:04,0.479693
20231204_500119080_17:05,0.478911
20231204_500119080_17:06,0.462151
20231204_500119080_17:07,0.469447
20231204_500119080_17:08,0.475870
20231204_500119080_17:09,0.436009
20231204_500119080_17:10,0.357849
20231204_500119080_17:11,0.332624
20231204_500119080_17:12,0.356939
20231204_500119080_17:13,0.404569
20231204_500119080_17:14,0.390796
20231204_500119080_17:15,0.378842
20231204_500119080_17:16,0.237432
20231204_500119080_17:17,0.210601
20231204_500119080_17:18,0.197222
20231204_500119080_17:19,0.217788
20231204_500119080_17:21,0.274856
20231204_500119080_17:22,0.246963
20231204_500119080_17:23,0.201203
20231204_500119080_17:24,0.145714
20231204_500119080_17:25,0.139337
20231204_500119080_17:26,0.156313
20231204_500119080_17:27,0.185904
20231204_500119080_17:28,0.184152
20231204_500119080_17:29,0.146368
20231204_500119080_17:31,0.077565
20231204_500119080_17:32,0.080288
20231204_500119080_17:33,0.104247
20231204_500119080_17:34,0.094918
20231204_500119080_17:35,0.043333
20231204_500119080_17:36,0.015120
20231204_500119080_17:37,0.021107
20231204_500119080_17:38,0.242554
20231204_500119080_17:39,0.231087
20231204_500119080_17:40,0.230363
20231204_500119080_17:41,0.247513
20231204_500119080_17:42,0.240122
20231204_500119080_17:43,0.224039
20231204_500119080_17:44,0.200436
20231204_500119080_17:45,0.190045
20231204_500119080_17:46,0.192355
20231204_500119080_17:47,0.221935
20231204_500119080_17:48,0.248829
20231204_500119080_17:49,0.261299
20231204_500119080_17:50,0.264996
20231204_500119080_17:51,0.299308
20231204_500119080_17:52,0.329775
20231204_500119080_17:53,0.371804
20231204_500119080_17:54,0.398602
20231204_500119080_17:55,0.350512
20231204_500119080_17:57,0.328271
20231204_500119080_17:58,0.346520
20231204_500119080_17:59,0.365278
20231204_500119080_18:01,0.024916
20231204_500119080_18:02,0.051214
20231204_500119080_18:03,0.010351
20231204_500119080_18:04,0.032592
20231204_500119080_18:05,0.082618
20231204_500119080_18:06,0.086214
20231204_500119080_18:08,0.065702
20231204_500119080_18:09,0.113051
20231204_500119080_18:10,0.135129
20231204_500119080_18:11,0.167251
20231204_500119080_18:13,0.134699
20231204_500119080_18:14,0.098314
20231204_500119080_18:15,0.084148
20231204_500119080_18:16,0.496945
20231204_500119080_18:17,0.539037
20231204_500119080_18:18,0.529083
20231204_500119080_18:19,0.184315
20231204_500119080_18:21,0.112818
20231204_500119080_18:23,0.556413
20231204_500119080_18:24,0.489204
20231204_500119080_18:25,0.443801
20231204_500119080_18:26,0.431706
20231204_500119080_18:27,0.425775
20231204_500119080_18:28,0.392706
20231204_500119080_18:29,0.327219
20231204_500119080_18:32,0.255114
20231204_500119080_18:33,0.304861
20231204_500119080_18:34,0.336765
20231204_500119080_18:35,0.327444
20231204_500119080_18:36,0.297600
20231204_500119080_18:37,0.279783
20231204_500119080_18:39,0.317521
20231204_500119080_18:40,0.352587
20231204_500119080_18:41,0.355237
20231204_500119080_18:43,0.303960
20231204_500119080_18:44,0.325143
20231204_500119080_18:45,0.377512
20231204_500119080_18:46,0.413688
20231204_500119080_18:47,0.375643
20231204_500119080_18:49,0.335320
20231204_500119080_18:51,0.300700
20231204_500119080_18:52,0.270624
20231204_500119080_18:53,0.231411
20231204_500119080_18:54,0.205213
20231204_500119080_18:55,0.204732
20231204_500119080_18:56,0.212950
20231204_500119080_18:57,0.220007
20231204_500119080_18:58,0.207215
20231204_500119080_18:59,0.163497
20231204_500119080_19:01,0.116583
20231204_500119080_19:02,0.135063
20231204_500119080_19:03,0.148637
20231204_500119080_19:05,0.159419
20231204_500119080_19:06,0.157664
20231204_500119080_19:07,0.174829
20231204_500119080_19:08,0.213065
20231204_500119080_19:09,0.242010
20231204_500119080_19:11,0.247630
20231204_500119080_19:12,0.215845
20231204_500119080_19:13,0.189412
20231204_500119080_19:14,0.182332
20231204_500119080_19:15,0.187520
20231204_500119080_19:16,0.185456
20231204_500119080_19:17,0.164162
20231204_500119080_19:18,0.131726
20231204_500119080_19:19,0.292665
20231204_500119080_19:21,0.256355
20231204_500119080_19:22,0.223415
20231204_500119080_19:23,0.173553
20231204_500119080_19:24,0.120233
20231204_500119080_19:25,0.084483
20231204_500119080_19:26,0.077291
20231204_500119080_19:27,0.088402
20231204_500119080_19:28,0.131116
20231204_500119080_19:29,0.126363
20231204_500119080_19:31,0.233575
20231204_500119080_19:32,0.260777
20231204_500119080_19:33,0.306690
20231204_500119080_19:34,0.363115
20231204_500119080_19:35,0.400607
20231204_500119080_19:36,0.406472
20231204_500119080_19:37,0.390977
20231204_500119080_19:38,0.377825
20231204_500119080_19:39,0.383120
20231204_500119080_19:41,0.417334
20231204_500119080_19:42,0.412873
20231204_500119080_19:43,0.394564
20231204_500119080_19:44,0.383032
20231204_500119080_19:45,0.407116
20231204_500119080_19:46,0.440370
20231204_500119080_19:47,0.473500
20231204_500119080_19:48,0.497401
20231204_500119080_19:49,0.486367
20231204_500119080_19:51,0.473612
20231204_500119080_19:52,0.501924
20231204_500119080_19:53,0.541978
20231204_500119080_19:54,0.572812
20231204_500119080_19:55,0.585952
20231204_500119080_19:56,0.594798
20231204_500119080_19:57,0.616379
20231204_500119080_19:58,0.657872
20231204_500119080_19:59,0.684302
20231204_500119080_20:01,0.742756
20231204_500119080_20:02,0.718264
20231204_500119080_20:03,0.691673
20231204_500119080_20:04,0.681434
20231204_500119080_20:05,0.622146
20231204_500119080_20:06,0.595486
20231204_500119080_20:07,0.592383
20231204_500119080_20:08,0.571233
20231204_500119080_20:09,0.522298
20231204_500119080_20:10,0.454728
20231204_500119080_20:11,0.403440
20231204_500119080_20:12,0.400290
20231204_500119080_20:13,0.443242
20231204_500119080_20:14,0.495529
20231204_500119080_20:15,0.524241
20231204_500119080_20:16,0.500508
20231204_500119080_20:17,0.472810
20231204_500119080_20:18,0.471597
20231204_500119080_20:19,0.508086
20231204_500119080_20:21,0.581477
20231204_500119080_20:22,0.566407
20231204_500119080_20:23,0.534871
20231204_500119080_20:24,0.526365
20231204_500119080_20:25,0.560258
20231204_500119080_20:26,0.616705
20231204_500119080_20:27,0.653008
20231204_500119080_20:28,0.634712
20231204_500119080_20:29,0.595251
20231204_500119080_20:30,0.540657
20231204_500119080_20:31,0.522976
20231204_500119080_20:32,0.534490
20231204_500119080_20:33,0.539334
20231204_500119080_20:34,0.507521
20231204_500119080_20:35,0.438102
20231204_500119080_20:36,0.394882
20231204_500119080_20:37,0.396159
20231204_500119080_20:38,0.445285
20231204_500119080_20:39,0.452807
20231204_500119080_20:40,0.423015
20231204_500119080_20:41,0.406968
20231204_500119080_20:42,0.425754
20231204_500119080_20:43,0.447513
20231204_500119080_20:44,0.464630
20231204_500119080_20:45,0.455255
20231204_500119080_20:46,0.448884
20231204_500119080_20:47,0.451206
20231204_500119080_20:48,0.460697
20231204_500119080_20:49,0.491517
20231204_500119080_20:50,0.511422
20231204_500119080_20:51,0.505218
20231204_500119080_20:52,0.475934
20231204_500119080_20:53,0.440336
20231204_500119080_20:54,0.429941
20231204_500119080_20:55,0.437940
20231204_500119080_20:56,0.437454
20231204_500119080_20:57,0.433635
20231204_500119080_20:58,0.411639
20231204_500119080_20:59,0.390665
20231204_500119080_21:01,0.399507
20231204_500119080_21:02,0.428221
20231204_500119080_21:03,0.102191
20231204_500119080_21:04,0.155089
20231204_500119080_21:05,0.176183
20231204_500119080_21:06,0.130830
20231204_500119080_21:07,0.098989
20231204_500119080_21:08,0.094604
20231204_500119080_21:09,0.113608
20231204_500119080_21:10,0.183039
20231204_500119080_21:11,0.170592
20231204_500119080_21:12,0.135197
20231204_500119080_21:13,0.066738
20231204_500119080_21:14,0.033702
20231204_500119080_21:15,0.038135
20231204_500119080_21:16,0.012581
20231204_500119080_21:17,0.011630
20231204_500119080_21:18,0.051249
20231204_500119080_21:19,0.110387
20231204_500119080_21:21,0.135418
20231204_500119080_21:22,0.096442
20231204_500119080_21:23,0.014106
20231204_500119080_21:24,0.031193
20231204_500119080_21:25,0.062397
20231204_500119080_21:26,0.144783
20231204_500119080_21:27,0.194913
20231204_500119080_21:28,0.143938
20231204_500119080_21:29,0.082990
20231204_500119080_21:31,1.596029
20231204_500119080_21:32,1.586571
20231204_500119080_21:33,1.590976
20231204_500119080_21:34,1.520386
20231204_500119080_21:35,1.498657
20231204_500119080_21:36,1.387063
20231204_500119080_21:37,1.381509
20231204_500119080_21:38,1.365687
20231204_500119080_21:39,1.283724
20231204_500119080_21:41,1.198566
20231204_500119080_21:42,1.272689
20231204_500119080_21:43,1.314667
20231204_500119080_21:44,1.299910
20231204_500119080_21:45,1.308686
20231204_500119080_21:46,1.240388
20231204_500119080_21:47,1.200109
20231204_500119080_21:48,1.141521
20231204_500119080_21:49,1.133783
20231204_500119080_21:51,1.069332
20231204_500119080_21:52,1.034519
20231204_500119080_21:53,1.019024
20231204_500119080_21:54,1.080787
20231204_500119080_21:55,1.169875
20231204_500119080_21:56,1.204436
20231204_500119080_21:57,1.231791
20231204_500119080_21:58,1.226803
20231204_500119080_21:59,1.221094
20231204_500119080_22:01,1.242741
20231204_500119080_22:02,1.276020
20231204_500119080_22:03,1.279405
20231204_500119080_22:04,1.210954
20231204_500119080_22:05,1.136875
20231204_500119080_22:06,1.121276
20231204_500119080_22:07,1.101697
20231204_500119080_22:08,1.103908
20231204_500119080_22:09,0.048473
20231204_500119080_22:11,0.059901
20231204_500119080_22:12,0.001623
20231204_500119080_22:13,0.089634
20231204_500119080_22:14,0.151956
20231204_500119080_22:15,0.116860
20231204_500119080_22:16,0.059703
20231204_500119080_22:17,0.031146
20231204_500119080_22:18,0.063939
20231204_500119080_22:19,0.132792
20231204_500119080_22:21,0.180722
20231204_500119080_22:22,0.194939
20231204_500119080_22:23,0.208253
20231204_500119080_22:24,0.276700
20231204_500119080_22:25,0.362063
20231204_500119080_22:26,0.412075
20231204_500119080_22:27,0.400040
20231204_500119080_22:28,0.377475
20231204_500119080_22:29,0.337621
20231204_500119080_22:31,0.408218
20231204_500119080_22:32,0.469598
20231204_500119080_22:33,0.497933
20231204_500119080_22:34,0.495077
20231204_500119080_22:35,0.475009
20231204_500119080_22:36,0.162726
20231204_500119080_22:37,0.157744
20231204_500119080_22:38,0.133755
20231204_500119080_22:39,0.085791
20231204_500119080_22:41,0.044716
20231204_500119080_22:42,0.063564
20231204_500119080_22:43,0.081548
20231204_500119080_22:44,0.066901
20231204_500119080_22:45,0.043238
20231204_500119080_22:46,0.014307
20231204_500119080_22:47,0.016472
20231204_500119080_22:48,0.030352
20231204_500119080_22:49,0.064341
20231204_500119080_22:51,0.088615
20231204_500119080_22:52,0.097016
20231204_500119080_22:53,0.119590
20231204_500119080_22:54,0.160411
20231204_500119080_22:56,0.214829
20231204_500119080_22:57,0.178157
20231204_500119080_22:58,0.162965
20231204_500119080_22:59,0.174596
20231204_500119080_23:01,0.202332
20231204_500119080_23:02,0.188024
20231204_500119080_23:03,0.168817
20231204_500119080_23:04,0.168436
20231204_500119080_23:05,0.189702
20231204_500119080_23:06,0.199668
20231204_500119080_23:07,0.227904
20231204_500119080_23:08,0.242914
20231204_500119080_23:09,0.214898
20231204_500119080_23:10,0.197255
20231204_500119080_23:11,0.214769
20231204_500119080_23:12,0.239413
20231204_500119080_23:13,0.266879
20231204_500119080_23:14,0.302766
20231204_500119080_23:15,0.301527
20231204_500119080_23:16,0.307401
20231204_500119080_23:17,0.338410
20231204_500119080_23:18,0.372313
20231204_500119080_23:19,0.408259
20231204_500119080_23:21,0.415277
20231204_500119080_23:22,0.389148
20231204_500119080_23:23,0.379548
20231204_500119080_23:24,0.395929
20231204_500119080_23:25,0.408897
20231204_500119080_23:26,0.411412
20231204_500119080_23:27,0.413855
20231204_500119080_23:28,0.397612
20231204_500119080_23:29,0.368298
20231204_500119080_23:30,0.342168
20231204_500119080_23:31,0.335453
20231204_500119080_23:32,0.006256
20231204_500119080_23:33,0.021252
20231204_500119080_23:34,0.068415
20231204_500119080_23:35,0.097540
20231204_500119080_23:36,0.104859
20231204_500119080_23:37,0.103549
20231204_500119080_23:38,0.098608
20231204_500119080_23:39,0.127437
20231204_500119080_23:40,0.146162
20231204_500119080_23:41,0.152845
20231204_500119080_23:42,0.351719
20231204_500119080_23:43,0.356235
20231204_500119080_23:44,0.379081
20231204_500119080_23:45,0.410515
20231204_500119080_23:46,0.424931
20231204_500119080_23:47,0.372985
20231204_500119080_23:48,0.340029
20231204_500119080_23:49,0.337123
20231204_500119080_23:50,0.334311
20231204_500119080_23:51,0.329379
20231204_500119080_23:52,0.325172
20231205_500119080_00:01,0.006338
20231205_500119080_00:02,0.064753
20231205_500119080_00:03,0.065041
20231205_500119080_00:04,0.031399
20231205_500119080_00:05,0.023802
20231205_500119080_00:06,0.074784
20231205_500119080_00:07,0.080928
20231205_500119080_00:08,0.035539
20231205_500119080_00:09,0.014732
20231205_500119080_00:10,0.010669
20231205_500119080_00:11,0.090941
20231205_500119080_00:12,0.145854
20231205_500119080_00:13,0.108828
20231205_500119080_00:14,0.010611
20231205_500119080_00:15,0.141277
20231205_500119080_00:16,0.185442
20231205_500119080_00:17,0.140460
20231205_500119080_00:18,0.071643
20231205_500119080_00:19,0.075025
20231205_500119080_00:22,0.252227
20231205_500119080_00:24,0.135668
20231205_500119080_00:25,0.177111
20231205_500119080_00:26,0.244116
20231205_500119080_00:27,0.376269
20231205_500119080_00:28,0.476368
20231205_500119080_00:29,0.473210
20231205_500119080_00:31,0.336812
20231205_500119080_00:32,0.361375
20231205_500119080_00:33,0.430796
20231205_500119080_00:34,0.474219
20231205_500119080_00:35,0.433767
20231205_500119080_00:36,0.347097
20231205_500119080_00:37,0.270155
20231205_500119080_00:38,0.279815
20231205_500119080_00:39,0.366093
20231205_500119080_00:41,0.502314
20231205_500119080_00:42,0.842125
20231205_500119080_00:43,0.831497
20231205_500119080_00:44,0.788003
20231205_500119080_00:45,0.738771
20231205_500119080_00:46,0.712523
20231205_500119080_00:47,0.716490
20231205_500119080_00:48,0.737878
20231205_500119080_00:49,0.758509
20231205_500119080_00:51,0.786761
20231205_500119080_00:52,0.814430
20231205_500119080_00:53,0.852367
20231205_500119080_00:54,0.842386
20231205_500119080_00:55,0.826948
20231205_500119080_00:56,0.772834
20231205_500119080_00:57,0.747066
20231205_500119080_00:58,0.739354
20231205_500119080_00:59,0.696527
20231205_500119080_01:01,0.665686
20231205_500119080_01:02,0.644335
20231205_500119080_01:03,0.670229
20231205_500119080_01:05,0.676696
20231205_500119080_01:06,0.720365
20231205_500119080_01:07,0.755501
20231205_500119080_01:08,0.762499
20231205_500119080_01:09,0.736456
20231205_500119080_01:11,0.678994
20231205_500119080_01:12,0.689414
20231205_500119080_01:13,0.718355
20231205_500119080_01:14,0.747074
20231205_500119080_01:16,0.824612
20231205_500119080_01:17,0.852440
20231205_500119080_01:18,0.890179
20231205_500119080_01:19,0.919808
20231205_500119080_01:21,0.872717
20231205_500119080_01:22,0.810167
20231205_500119080_01:23,0.742957
20231205_500119080_01:24,0.713397
20231205_500119080_01:25,0.718862
20231205_500119080_01:26,0.731926
20231205_500119080_01:27,0.710014
20231205_500119080_01:29,0.605372
20231205_500119080_01:31,0.654722
20231205_500119080_01:32,0.712632
20231205_500119080_01:34,0.702139
20231205_500119080_01:35,0.637483
20231205_500119080_01:36,0.594703
20231205_500119080_01:37,0.601520
20231205_500119080_01:38,0.639330
20231205_500119080_01:39,0.601565
20231205_500119080_01:41,0.555192
20231205_500119080_01:42,0.609450
20231205_500119080_01:43,0.656216
20231205_500119080_01:44,0.662100
20231205_500119080_01:46,0.616363
20231205_500119080_01:47,0.603145
20231205_500119080_01:48,0.607083
20231205_500119080_01:49,0.634302
20231205_500119080_01:51,0.689308
20231205_500119080_01:52,0.677360
20231205_500119080_01:53,0.640975
20231205_500119080_01:54,0.662364
20231205_500119080_01:55,0.744974
20231205_500119080_01:56,0.801464
20231205_500119080_01:57,0.855731
20231205_500119080_01:58,0.884713
20231205_500119080_01:59,0.880710
20231205_500119080_02:01,0.844237
20231205_500119080_02:02,0.861271
20231205_500119080_02:03,0.900892
20231205_500119080_02:04,0.944521
20231205_500119080_02:05,0.989017
20231205_500119080_02:06,1.018423
20231205_500119080_02:07,1.054693
20231205_500119080_02:08,1.102151
20231205_500119080_02:09,1.147007
20231205_500119080_02:10,1.164901
20231205_500119080_02:11,1.140360
20231205_500119080_02:12,1.081009
20231205_500119080_02:13,1.013522
20231205_500119080_02:14,0.964393
20231205_500119080_02:15,0.942038
20231205_500119080_02:16,0.935260
20231205_500119080_02:17,0.928138
20231205_500119080_02:18,0.916720
20231205_500119080_02:19,0.911848
20231205_500119080_02:21,0.956598
20231205_500119080_02:22,0.984054
20231205_500119080_02:23,0.985138
20231205_500119080_02:24,0.952930
20231205_500119080_02:25,0.903844
20231205_500119080_02:26,0.865661
20231205_500119080_02:27,0.856637
20231205_500119080_02:28,0.873649
20231205_500119080_02:29,0.898968
20231205_500119080_02:30,0.918310
20231205_500119080_02:31,0.933025
20231205_500119080_02:32,0.955281
20231205_500119080_02:33,0.991445
20231205_500119080_02:34,1.030139
20231205_500119080_02:35,1.047401
20231205_500119080_02:36,1.023882
20231205_500119080_02:37,0.976889
20231205_500119080_02:38,0.901556
20231205_500119080_02:39,0.852251
20231205_500119080_02:40,0.840851
20231205_500119080_02:41,0.870619
20231205_500119080_02:42,0.893166
20231205_500119080_02:43,0.884572
20231205_500119080_02:44,0.851654
20231205_500119080_02:45,0.853079
20231205_500119080_02:46,0.892316
20231205_500119080_02:47,0.935291
20231205_500119080_02:48,0.955167
20231205_500119080_02:49,0.937940
20231205_500119080_02:50,0.899923
20231205_500119080_02:51,0.868341
20231205_500119080_02:52,0.863535
20231205_500119080_02:53,0.885037
20231205_500119080_02:54,0.915929
20231205_500119080_02:55,0.940326
20231205_500119080_02:56,0.957275
20231205_500119080_02:57,0.978279
20231205_500119080_02:58,1.011394
20231205_500119080_02:59,1.047712
20231205_500119080_03:00,1.064045
20231205_500119080_03:01,1.040664
20231205_500119080_03:02,0.978645
20231205_500119080_03:03,0.901112
20231205_500119080_03:04,0.836778
20231205_500119080_03:05,0.759832
20231205_500119080_03:06,0.750401
20231205_500119080_03:07,0.771590
20231205_500119080_03:08,0.762489
20231205_500119080_03:09,0.727483
20231205_500119080_03:10,0.705202
20231205_500119080_03:11,0.729241
20231205_500119080_03:12,0.757211
20231205_500119080_03:13,0.764827
20231205_500119080_03:14,0.739402
20231205_500119080_03:15,0.758161
20231205_500119080_03:16,0.727649
20231205_500119080_03:17,0.682231
20231205_500119080_03:18,0.694311
20231205_500119080_03:19,0.744661
20231205_500119080_03:21,0.809308
20231205_500119080_03:22,0.832777
20231205_500119080_03:24,0.907699
20231205_500119080_03:25,0.873491
20231205_500119080_03:26,0.848977
20231205_500119080_03:27,0.812847
20231205_500119080_03:28,0.789224
20231205_500119080_03:29,0.782791
20231205_500119080_03:31,0.782939
20231205_500119080_03:32,0.772888
20231205_500119080_03:33,0.765222
20231205_500119080_03:34,0.775284
20231205_500119080_03:35,0.762155
20231205_500119080_03:36,0.763123
20231205_500119080_03:37,0.801500
20231205_500119080_03:38,0.840839
20231205_500119080_03:39,0.849809
20231205_500119080_03:41,0.828391
20231205_500119080_03:42,0.810968
20231205_500119080_03:43,0.826674
20231205_500119080_03:44,0.865112
20231205_500119080_03:45,0.951579
20231205_500119080_03:46,0.978396
20231205_500119080_03:47,1.003631
20231205_500119080_03:48,1.037254
20231205_500119080_03:49,1.076525
20231205_500119080_03:51,1.099864
20231205_500119080_03:52,1.054266
20231205_500119080_03:53,0.981988
20231205_500119080_03:54,0.911942
20231205_500119080_03:55,0.863895
20231205_500119080_03:56,0.840151
20231205_500119080_03:57,0.827399
20231205_500119080_03:58,0.813259
20231205_500119080_03:59,0.798802
20231205_500119080_04:01,0.812570
20231205_500119080_04:02,0.840427
20231205_500119080_04:03,0.857818
20231205_500119080_04:04,0.841179
20231205_500119080_04:05,0.752032
20231205_500119080_04:06,0.698980
20231205_500119080_04:07,0.667762
20231205_500119080_04:08,0.666986
20231205_500119080_04:09,0.684798
20231205_500119080_04:11,0.698410
20231205_500119080_04:12,0.715913
20231205_500119080_04:13,0.748590
20231205_500119080_04:14,0.782666
20231205_500119080_04:15,0.755408
20231205_500119080_04:16,0.698169
20231205_500119080_04:17,0.638591
20231205_500119080_04:18,0.606510
20231205_500119080_04:19,0.601703
20231205_500119080_04:21,0.557123
20231205_500119080_04:22,0.523087
20231205_500119080_04:23,0.504795
20231205_500119080_04:24,0.513807
20231205_500119080_04:25,0.600537
20231205_500119080_04:26,0.627659
20231205_500119080_04:27,0.668705
20231205_500119080_04:28,0.702740
20231205_500119080_04:29,0.702155
20231205_500119080_04:31,0.671175
20231205_500119080_04:32,0.650952
20231205_500119080_04:33,0.629554
20231205_500119080_04:34,0.637741
20231205_500119080_04:35,0.664768
20231205_500119080_04:36,0.704356
20231205_500119080_04:37,0.735636
20231205_500119080_04:38,0.744056
20231205_500119080_04:39,0.759050
20231205_500119080_04:41,0.778316
20231205_500119080_04:42,0.715675
20231205_500119080_04:43,0.688156
20231205_500119080_04:44,0.585594
20231205_500119080_04:45,0.595959
20231205_500119080_04:46,0.524908
20231205_500119080_04:47,0.417329
20231205_500119080_04:48,0.353330
20231205_500119080_04:49,0.373672
20231205_500119080_04:51,0.474260
20231205_500119080_04:52,0.426896
20231205_500119080_04:53,0.313332
20231205_500119080_04:54,0.210375
20231205_500119080_04:55,0.220233
20231205_500119080_04:56,0.311701
20231205_500119080_04:57,0.376378
20231205_500119080_04:58,0.365314
20231205_500119080_04:59,0.279086
20231205_500119080_05:00,0.185634
20231205_500119080_05:01,0.152824
20231205_500119080_05:02,0.193247
20231205_500119080_05:03,0.235451
20231205_500119080_05:04,0.224392
20231205_500119080_05:05,0.125179
20231205_500119080_05:06,0.026623
20231205_500119080_05:07,0.094116
20231205_500119080_05:08,0.039641
20231205_500119080_05:09,0.048873
20231205_500119080_05:10,0.088703
20231205_500119080_05:11,0.052013
20231205_500119080_05:12,0.005447
20231205_500119080_05:13,0.032657
20231205_500119080_05:14,0.004015
20231205_500119080_05:15,0.080651
20231205_500119080_05:16,0.158456
20231205_500119080_05:17,0.170429
20231205_500119080_05:18,0.126088
20231205_500119080_05:19,0.076664
20231205_500119080_05:21,0.229372
20231205_500119080_05:22,0.340844
20231205_500119080_05:23,0.390463
20231205_500119080_05:24,0.363793
20231205_500119080_05:25,0.312305
20231205_500119080_05:26,0.317379
20231205_500119080_05:27,0.390255
20231205_500119080_05:28,0.442986
20231205_500119080_05:29,0.465361
20231205_500119080_05:30,0.413714
20231205_500119080_05:31,0.315188
20231205_500119080_05:32,0.251486
20231205_500119080_05:33,0.294349
20231205_500119080_05:34,0.366687
20231205_500119080_05:35,0.427033
20231205_500119080_05:36,0.403324
20231205_500119080_05:37,0.325233
20231205_500119080_05:38,0.260948
20231205_500119080_05:39,0.277761
20231205_500119080_05:40,0.340087
20231205_500119080_05:41,0.389522
20231205_500119080_05:42,0.384986
20231205_500119080_05:43,0.316583
20231205_500119080_05:44,0.941901
20231205_500119080_05:45,0.941850
20231205_500119080_05:46,0.910123
20231205_500119080_05:47,0.874401
20231205_500119080_05:48,0.867390
20231205_500119080_05:49,0.887282
20231205_500119080_05:50,0.866432
20231205_500119080_05:51,0.831184
20231205_500119080_05:52,0.836780
20231205_500119080_05:53,0.882011
20231205_500119080_05:54,0.932768
20231205_500119080_05:55,0.942552
20231205_500119080_05:56,0.913389
20231205_500119080_05:57,0.861741
20231205_500119080_05:58,0.824341
20231205_500119080_05:59,0.818529
20231205_500119080_06:00,0.829437
20231205_500119080_06:01,0.828034
20231205_500119080_06:02,0.802479
20231205_500119080_06:03,0.772870
20231205_500119080_06:04,0.100306
20231205_500119080_06:05,0.170895
20231205_500119080_06:06,0.254644
20231205_500119080_06:07,0.280991
20231205_500119080_06:08,0.240441
20231205_500119080_06:09,0.187971
20231205_500119080_06:10,0.192530
20231205_500119080_06:11,0.294151
20231205_500119080_06:12,0.396394
20231205_500119080_06:13,0.439739
20231205_500119080_06:15,0.354030
20231205_500119080_06:16,0.347332
20231205_500119080_06:17,0.389211
20231205_500119080_06:18,0.427629
20231205_500119080_06:19,0.439261
20231205_500119080_06:21,0.289466
20231205_500119080_06:22,0.203810
20231205_500119080_06:23,0.190705
20231205_500119080_06:24,0.240035
20231205_500119080_06:25,0.285583
20231205_500119080_06:26,0.265881
20231205_500119080_06:28,0.088903
20231205_500119080_06:29,0.056913
20231205_500119080_06:31,0.147296
20231205_500119080_06:32,0.147919
20231205_500119080_06:33,0.077927
20231205_500119080_06:34,0.012515
20231205_500119080_06:35,0.055650
20231205_500119080_06:36,0.018829
20231205_500119080_06:37,0.055408
20231205_500119080_06:38,0.092668
20231205_500119080_06:39,0.052263
20231205_500119080_06:41,0.104704
20231205_500119080_06:42,0.104311
20231205_500119080_06:43,0.056040
20231205_500119080_06:44,0.027457
20231205_500119080_06:45,0.069870
20231205_500119080_06:46,0.169213
20231205_500119080_06:47,0.241654
20231205_500119080_06:48,0.253160
20231205_500119080_06:49,0.212516
20231205_500119080_06:51,0.134901
20231205_500119080_06:52,0.193042
20231205_500119080_06:53,0.258826
20231205_500119080_06:54,0.264872
20231205_500119080_06:55,0.194959
20231205_500119080_06:56,0.098681
20231205_500119080_06:57,0.045346
20231205_500119080_06:58,0.045274
20231205_500119080_06:59,0.065740
20231205_500119080_07:01,0.006508
20231205_500119080_07:02,0.121145
20231205_500119080_07:03,0.215916
20231205_500119080_07:04,1.092471
20231205_500119080_07:05,1.146539
20231205_500119080_07:06,1.160102
20231205_500119080_07:07,1.183099
20231205_500119080_07:08,1.228052
20231205_500119080_07:09,1.290852
20231205_500119080_07:11,1.376726
20231205_500119080_07:12,1.362675
20231205_500119080_07:13,1.318194
20231205_500119080_07:14,0.241145
20231205_500119080_07:15,0.309003
20231205_500119080_07:16,0.326401
20231205_500119080_07:17,0.271586
20231205_500119080_07:18,0.194903
20231205_500119080_07:19,0.166563
20231205_500119080_07:21,0.266879
20231205_500119080_07:22,0.325438
20231205_500119080_07:23,0.337277
20231205_500119080_07:24,0.283067
20231205_500119080_07:25,0.208749
20231205_500119080_07:26,0.227229
20231205_500119080_07:27,0.316315
20231205_500119080_07:28,0.386702
20231205_500119080_07:29,0.382918
20231205_500119080_07:31,0.249140
20231205_500119080_07:32,0.217012
20231205_500119080_07:33,0.245743
20231205_500119080_07:34,0.310703
20231205_500119080_07:35,0.329189
20231205_500119080_07:36,0.247791
20231205_500119080_07:37,0.156259
20231205_500119080_07:38,0.125004
20231205_500119080_07:39,0.172803
20231205_500119080_07:41,0.310885
20231205_500119080_07:42,0.305866
20231205_500119080_07:43,0.263497
20231205_500119080_07:44,0.231428
20231205_500119080_07:45,0.250906
20231205_500119080_07:46,0.299552
20231205_500119080_07:47,0.360576
20231205_500119080_07:48,0.367297
20231205_500119080_07:49,0.372062
20231205_500119080_07:50,0.381299
20231205_500119080_07:51,0.440667
20231205_500119080_07:52,0.532153
20231205_500119080_07:53,0.617931
20231205_500119080_07:54,0.650651
20231205_500119080_07:56,0.561768
20231205_500119080_07:57,0.523712
20231205_500119080_07:58,0.521222
20231205_500119080_07:59,0.578121
20231205_500119080_08:01,0.523721
20231205_500119080_08:02,0.481592
20231205_500119080_08:03,0.470315
20231205_500119080_08:04,0.509537
20231205_500119080_08:05,0.574476
20231205_500119080_08:06,0.614151
20231205_500119080_08:07,0.594157
20231205_500119080_08:08,0.524213
20231205_500119080_08:09,0.453692
20231205_500119080_08:10,0.422075
20231205_500119080_08:11,0.428652
20231205_500119080_08:12,0.438810
20231205_500119080_08:13,0.420575
20231205_500119080_08:14,1.019334
20231205_500119080_08:15,1.027491
20231205_500119080_08:16,1.017130
20231205_500119080_08:17,0.989886
20231205_500119080_08:18,0.940745
20231205_500119080_08:19,0.887556
20231205_500119080_08:21,0.849953
20231205_500119080_08:22,0.802865
20231205_500119080_08:23,0.757919
20231205_500119080_08:24,0.753347
20231205_500119080_08:25,0.763000
20231205_500119080_08:26,0.858922
20231205_500119080_08:27,0.948254
20231205_500119080_08:28,0.977458
20231205_500119080_08:29,0.946906
20231205_500119080_08:31,0.892596
20231205_500119080_08:32,0.929684
20231205_500119080_08:33,0.978315
20231205_500119080_08:34,0.991791
20231205_500119080_08:35,0.958954
20231205_500119080_08:36,0.916979
20231205_500119080_08:37,0.918133
20231205_500119080_08:38,0.980903
20231205_500119080_08:39,1.070643
20231205_500119080_08:40,1.128200
20231205_500119080_08:41,1.134290
20231205_500119080_08:42,1.118897
20231205_500119080_08:43,1.112279
20231205_500119080_08:44,1.131912
20231205_500119080_08:45,1.162735
20231205_500119080_08:46,1.175546
20231205_500119080_08:47,1.158132
20231205_500119080_08:48,1.174123
20231205_500119080_08:49,1.239477
20231205_500119080_08:50,1.313149
20231205_500119080_08:51,1.368323
20231205_500119080_08:52,1.384907
20231205_500119080_08:53,1.362545
20231205_500119080_08:54,1.319601
20231205_500119080_08:55,1.244361
20231205_500119080_08:56,1.216275
20231205_500119080_08:57,1.218174
20231205_500119080_08:58,1.217227
20231205_500119080_08:59,1.210302
20231205_500119080_09:01,1.228668
20231205_500119080_09:02,1.295735
20231205_500119080_09:03,1.355982
20231205_500119080_09:04,1.346694
20231205_500119080_09:05,1.279015
20231205_500119080_09:06,1.239615
20231205_500119080_09:07,1.243254
20231205_500119080_09:08,1.289589
20231205_500119080_09:09,1.317697
20231205_500119080_09:10,1.295250
20231205_500119080_09:11,1.268661
20231205_500119080_09:13,1.266466
20231205_500119080_09:14,1.324935
20231205_500119080_09:15,1.390206
20231205_500119080_09:16,1.419014
20231205_500119080_09:17,1.396777
20231205_500119080_09:18,1.350340
20231205_500119080_09:19,1.324074
20231205_500119080_09:21,1.378431
20231205_500119080_09:22,1.401837
20231205_500119080_09:23,1.392362
20231205_500119080_09:24,1.366452
20231205_500119080_09:25,1.389388
20231205_500119080_09:26,1.426136
20231205_500119080_09:27,1.489910
20231205_500119080_09:29,1.544338
20231205_500119080_09:31,1.473085
20231205_500119080_09:32,1.470170
20231205_500119080_09:33,1.458188
20231205_500119080_09:34,1.458254
20231205_500119080_09:35,1.485765
20231205_500119080_09:36,1.521328
20231205_500119080_09:40,1.580122
20231205_500119080_09:42,1.612252
20231205_500119080_09:45,1.489625
20231205_500119080_09:46,1.453644
20231205_500119080_09:48,1.437604
20231205_500119080_09:49,1.413512
20231205_500119080_09:53,1.334744
20231205_500119080_09:58,1.182529
20231205_500119080_09:59,1.191443
20231205_500119080_10:01,1.166216
20231205_500119080_10:02,1.178298
20231205_500119080_10:03,1.169666
20231205_500119080_10:04,1.164140
20231205_500119080_10:05,1.189052
20231205_500119080_10:06,1.245306
20231205_500119080_10:08,1.318417
20231205_500119080_10:09,1.283018
20231205_500119080_10:11,1.172126
20231205_500119080_10:12,1.165268
20231205_500119080_10:13,1.208373
20231205_500119080_10:14,1.235225
20231205_500119080_10:15,1.177192
20231205_500119080_10:16,1.149956
20231205_500119080_10:17,1.150159
20231205_500119080_10:18,1.203355
20231205_500119080_10:19,1.248867
20231205_500119080_10:21,1.296271
20231205_500119080_10:22,1.255310
20231205_500119080_10:23,1.215698
20231205_500119080_10:24,1.245211
20231205_500119080_10:25,1.309373
20231205_500119080_10:27,1.331962
20231205_500119080_10:28,1.335212
20231205_500119080_10:29,1.365606
20231205_500119080_10:31,1.499309
20231205_500119080_10:33,1.499061
20231205_500119080_10:34,1.464074
20231205_500119080_10:36,1.408928
20231205_500119080_10:37,1.401096
20231205_500119080_10:38,1.418839
20231205_500119080_10:39,1.434137
20231205_500119080_10:41,1.394858
20231205_500119080_10:42,1.379996
20231205_500119080_10:43,1.385423
20231205_500119080_10:44,1.409479
20231205_500119080_10:45,1.396303
20231205_500119080_10:47,1.313954
20231205_500119080_10:48,1.283413
20231205_500119080_10:49,1.269731
20231205_500119080_10:50,1.297918
20231205_500119080_10:51,1.329608
20231205_500119080_10:52,1.294463
20231205_500119080_10:53,1.270218
20231205_500119080_10:54,1.264710
20231205_500119080_10:55,1.322270
20231205_500119080_10:56,1.373391
20231205_500119080_10:57,1.381076
20231205_500119080_10:58,1.348876
20231205_500119080_10:59,1.296784
20231205_500119080_11:01,1.297217
20231205_500119080_11:02,1.321497
20231205_500119080_11:03,1.353977
20231205_500119080_11:04,1.350757
20231205_500119080_11:05,1.321948
20231205_500119080_11:06,1.288103
20231205_500119080_11:07,1.318447
20231205_500119080_11:08,1.372953
20231205_500119080_11:09,1.395810
20231205_500119080_11:10,1.381325
20231205_500119080_11:11,1.368365
20231205_500119080_11:12,1.344353
20231205_500119080_11:13,1.338281
20231205_500119080_11:15,1.311187
20231205_500119080_11:16,1.356600
20231205_500119080_11:17,1.362860
20231205_500119080_11:18,1.315961
20231205_500119080_11:19,1.330773
20231205_500119080_11:21,1.419591
20231205_500119080_11:22,1.416563
20231205_500119080_11:23,1.383540
20231205_500119080_11:24,1.363418
20231205_500119080_11:25,1.319090
20231205_500119080_11:26,1.324946
20231205_500119080_11:27,1.319204
20231205_500119080_11:28,1.341398
20231205_500119080_11:29,1.344271
20231205_500119080_11:30,1.286825
20231205_500119080_11:31,1.223666
20231205_500119080_11:32,1.188434
20231205_500119080_11:33,1.189384
20231205_500119080_11:34,1.203286
20231205_500119080_11:35,1.160077
20231205_500119080_11:36,1.121909
20231205_500119080_11:37,1.068340
20231205_500119080_11:38,1.026401
20231205_500119080_11:39,1.019666
20231205_500119080_11:40,1.030156
20231205_500119080_11:41,1.023107
20231205_500119080_11:42,0.980187
20231205_500119080_11:43,0.934691
20231205_500119080_11:44,0.887420
20231205_500119080_11:45,0.936989
20231205_500119080_11:46,0.987745
20231205_500119080_11:47,1.039532
20231205_500119080_11:48,1.113807
20231205_500119080_11:49,1.142099
20231205_500119080_11:50,1.108326
20231205_500119080_11:51,1.055507
20231205_500119080_11:52,1.047979
20231205_500119080_11:53,1.091031
20231205_500119080_11:54,1.108234
20231205_500119080_11:55,0.965987
20231205_500119080_11:56,0.929443
20231205_500119080_11:57,0.917055
20231205_500119080_11:58,0.988019
20231205_500119080_11:59,1.046103
20231205_500119080_12:01,1.065338
20231205_500119080_12:02,1.056518
20231205_500119080_12:03,1.054746
20231205_500119080_12:04,1.103970
20231205_500119080_12:05,1.077928
20231205_500119080_12:06,1.128341
20231205_500119080_12:07,1.162704
20231205_500119080_12:08,1.163287
20231205_500119080_12:09,1.189478
20231205_500119080_12:10,1.252278
20231205_500119080_12:11,1.302427
20231205_500119080_12:12,1.359004
20231205_500119080_12:13,1.372371
20231205_500119080_12:14,1.344569
20231205_500119080_12:15,1.272625
20231205_500119080_12:16,1.239966
20231205_500119080_12:17,1.216755
20231205_500119080_12:18,1.227025
20231205_500119080_12:19,1.250504
20231205_500119080_12:21,1.242990
20231205_500119080_12:22,1.218958
20231205_500119080_12:23,1.212327
20231205_500119080_12:24,1.231246
20231205_500119080_12:25,1.275452
20231205_500119080_12:26,1.278223
20231205_500119080_12:27,1.244852
20231205_500119080_12:28,1.186429
20231205_500119080_12:29,1.149925
20231205_500119080_12:31,1.202908
20231205_500119080_12:32,1.251456
20231205_500119080_12:33,1.245241
20231205_500119080_12:34,1.237954
20231205_500119080_12:35,1.240469
20231205_500119080_12:36,1.297147
20231205_500119080_12:37,1.331912
20231205_500119080_12:39,1.278214
20231205_500119080_12:41,1.244408
20231205_500119080_12:42,1.272990
20231205_500119080_12:43,1.278628
20231205_500119080_12:44,1.292956
20231205_500119080_12:45,1.229123
20231205_500119080_12:46,1.203855
20231205_500119080_12:47,1.227905
20231205_500119080_12:48,1.248674
20231205_500119080_12:49,1.283414
20231205_500119080_12:50,1.306927
20231205_500119080_12:52,1.251315
20231205_500119080_12:53,1.195009
20231205_500119080_12:54,1.153696
20231205_500119080_12:55,1.146651
20231205_500119080_12:56,1.142760
20231205_500119080_12:57,1.134543
20231205_500119080_12:58,1.123679
20231205_500119080_12:59,1.118626
20231205_500119080_13:01,1.165869
20231205_500119080_13:02,1.214705
20231205_500119080_13:03,1.240140
20231205_500119080_13:04,1.234072
20231205_500119080_13:05,1.200511
20231205_500119080_13:06,1.136861
20231205_500119080_13:07,1.107522
20231205_500119080_13:08,1.094220
20231205_500119080_13:09,1.080258
20231205_500119080_13:11,1.028809
20231205_500119080_13:12,0.994071
20231205_500119080_13:13,0.994640
20231205_500119080_13:14,1.016460
20231205_500119080_13:15,1.050507
20231205_500119080_13:16,1.115678
20231205_500119080_13:17,1.115784
20231205_500119080_13:18,1.047308
20231205_500119080_13:19,0.949716
20231205_500119080_13:21,0.901964
20231205_500119080_13:22,0.919267
20231205_500119080_13:23,0.893070
20231205_500119080_13:24,0.870803
20231205_500119080_13:25,0.937509
20231205_500119080_13:26,0.982809
20231205_500119080_13:27,1.050981
20231205_500119080_13:28,1.106284
20231205_500119080_13:29,1.120244
20231205_500119080_13:31,1.050098
20231205_500119080_13:32,1.021026
20231205_500119080_13:33,1.014529
20231205_500119080_13:34,1.016888
20231205_500119080_13:35,1.035777
20231205_500119080_13:36,1.025623
20231205_500119080_13:37,1.016227
20231205_500119080_13:38,1.045028
20231205_500119080_13:39,1.106982
20231205_500119080_13:41,1.213900
20231205_500119080_13:42,1.206345
20231205_500119080_13:43,1.166200
20231205_500119080_13:44,1.124789
20231205_500119080_13:45,1.040095
20231205_500119080_13:46,1.063765
20231205_500119080_13:47,1.156099
20231205_500119080_13:48,1.208801
20231205_500119080_13:49,1.189071
20231205_500119080_13:51,1.193385
20231205_500119080_13:52,1.282429
20231205_500119080_13:53,1.383039
20231205_500119080_13:54,1.413012
20231205_500119080_13:55,1.354524
20231205_500119080_13:56,1.291112
20231205_500119080_13:57,1.184255
20231205_500119080_13:58,1.120666
20231205_500119080_13:59,1.140239
20231205_500119080_14:01,1.211385
20231205_500119080_14:02,1.138919
20231205_500119080_14:03,1.054624
20231205_500119080_14:04,1.049858
20231205_500119080_14:05,1.234231
20231205_500119080_14:06,1.315367
20231205_500119080_14:07,1.334259
20231205_500119080_14:08,1.281592
20231205_500119080_14:09,1.192806
20231205_500119080_14:10,1.119846
20231205_500119080_14:11,1.136312
20231205_500119080_14:12,1.214492
20231205_500119080_14:13,1.229459
20231205_500119080_14:14,1.190924
20231205_500119080_14:15,1.130946
20231205_500119080_14:16,1.157704
20231205_500119080_14:17,1.251769
20231205_500119080_14:18,1.316782
20231205_500119080_14:19,1.331783
20231205_500119080_14:21,1.245645
20231205_500119080_14:22,1.189714
20231205_500119080_14:23,1.162088
20231205_500119080_14:24,1.184318
20231205_500119080_14:25,1.265111
20231205_500119080_14:26,1.268244
20231205_500119080_14:27,1.227984
20231205_500119080_14:28,1.218737
20231205_500119080_14:29,1.249115
20231205_500119080_14:30,1.299129
20231205_500119080_14:31,1.348546
20231205_500119080_14:32,1.396191
20231205_500119080_14:33,1.379121
20231205_500119080_14:34,1.325922
20231205_500119080_14:35,1.297393
20231205_500119080_14:36,1.298701
20231205_500119080_14:37,1.388099
20231205_500119080_14:38,1.439852
20231205_500119080_14:39,1.432732
20231205_500119080_14:40,1.419786
20231205_500119080_14:41,1.451144
20231205_500119080_14:42,1.517806
20231205_500119080_14:43,1.570884
20231205_500119080_14:44,1.613786
20231205_500119080_14:45,1.639650
20231205_500119080_14:46,1.601679
20231205_500119080_14:47,1.546500
20231205_500119080_14:48,1.524286
20231205_500119080_14:49,1.549501
20231205_500119080_14:50,1.583137
20231205_500119080_14:51,1.579888
20231205_500119080_14:52,1.529301
20231205_500119080_14:53,1.469157
20231205_500119080_14:54,1.451919
20231205_500119080_14:55,1.571147
20231205_500119080_14:56,1.641638
20231205_500119080_14:57,1.679791
20231205_500119080_14:58,1.653787
20231205_500119080_14:59,1.585909
20231205_500119080_15:01,1.528562
20231205_500119080_15:02,1.566397
20231205_500119080_15:03,1.598039
20231205_500119080_15:04,1.587693
20231205_500119080_15:05,1.509417
20231205_500119080_15:06,1.511907
20231205_500119080_15:07,1.562022
20231205_500119080_15:08,1.621402
20231205_500119080_15:09,1.705145
20231205_500119080_15:10,1.743164
20231205_500119080_15:11,1.717796
20231205_500119080_15:12,1.669829
20231205_500119080_15:13,1.652633
20231205_500119080_15:14,1.684218
20231205_500119080_15:15,1.772747
20231205_500119080_15:16,1.791351
20231205_500119080_15:17,1.762159
20231205_500119080_15:18,1.717365
20231205_500119080_15:19,1.724926
20231205_500119080_15:21,1.853811
20231205_500119080_15:22,1.917076
20231205_500119080_15:23,1.916791
20231205_500119080_15:24,1.867937
20231205_500119080_15:25,1.820258
20231205_500119080_15:26,1.840745
20231205_500119080_15:27,1.889351
20231205_500119080_15:28,1.943580
20231205_500119080_15:29,1.985159
20231205_500119080_15:31,2.054554
20231205_500119080_15:32,2.112017
20231205_500119080_15:33,2.178355
20231205_500119080_15:34,2.225234
20231205_500119080_15:35,2.267642
20231205_500119080_15:36,2.229429
20231205_500119080_15:37,2.176497
20231205_500119080_15:38,2.110426
20231205_500119080_15:39,2.084632
20231205_500119080_15:40,2.123884
20231205_500119080_15:41,2.149183
20231205_500119080_15:42,2.140456
20231205_500119080_15:43,2.130360
20231205_500119080_15:44,2.091504
20231205_500119080_15:45,2.178605
20231205_500119080_15:46,2.240487
20231205_500119080_15:47,2.286620
20231205_500119080_15:48,2.257905
20231205_500119080_15:49,2.203927
20231205_500119080_15:50,2.118918
20231205_500119080_15:51,2.082345
20231205_500119080_15:52,2.130781
20231205_500119080_15:54,2.196658
20231205_500119080_15:55,2.163345
20231205_500119080_15:56,2.175938
20231205_500119080_15:57,2.209491
20231205_500119080_15:58,2.257249
20231205_500119080_15:59,2.292353
20231205_500119080_16:01,2.244750
20231205_500119080_16:02,2.184213
20231205_500119080_16:03,2.139957
20231205_500119080_16:04,2.127788
20231205_500119080_16:05,2.176457
20231205_500119080_16:06,2.186096
20231205_500119080_16:07,2.184077
20231205_500119080_16:08,2.180248
20231205_500119080_16:09,2.194308
20231205_500119080_16:11,2.281508
20231205_500119080_16:12,2.308729
20231205_500119080_16:13,2.297493
20231205_500119080_16:14,2.257712
20231205_500119080_16:15,2.161598
20231205_500119080_16:16,2.108104
20231205_500119080_16:17,2.139291
20231205_500119080_16:18,2.226644
20231205_500119080_16:19,2.293513
20231205_500119080_16:21,2.319525
20231205_500119080_16:22,2.322887
20231205_500119080_16:23,2.374940
20231205_500119080_16:24,2.435804
20231205_500119080_16:25,2.468349
20231205_500119080_16:26,2.420972
20231205_500119080_16:27,2.350558
20231205_500119080_16:28,2.255298
20231205_500119080_16:29,2.200602
20231205_500119080_16:31,2.242751
20231205_500119080_16:32,2.221855
20231205_500119080_16:33,2.195441
20231205_500119080_16:34,2.183450
20231205_500119080_16:35,2.220706
20231205_500119080_16:36,2.259493
20231205_500119080_16:37,2.266864
20231205_500119080_16:38,2.236927
20231205_500119080_16:39,2.176144
20231205_500119080_16:41,2.079036
20231205_500119080_16:42,2.078749
20231205_500119080_16:43,2.095829
20231205_500119080_16:44,2.107846
20231205_500119080_16:45,2.073249
20231205_500119080_16:46,2.076112
20231205_500119080_16:47,2.098491
20231205_500119080_16:48,2.139982
20231205_500119080_16:49,2.177561
20231205_500119080_16:51,2.144962
20231205_500119080_16:52,2.083252
20231205_500119080_16:53,2.030451
20231205_500119080_16:54,2.008623
20231205_500119080_16:55,2.052870
20231205_500119080_16:56,2.064258
20231205_500119080_16:57,2.065401
20231205_500119080_16:58,2.060709
20231205_500119080_16:59,2.069322
20231205_500119080_17:01,2.153558
20231205_500119080_17:02,2.190602
20231205_500119080_17:03,2.191687
20231205_500119080_17:04,2.159011
20231205_500119080_17:05,2.154695
20231205_500119080_17:06,2.138673
20231205_500119080_17:07,2.156286
20231205_500119080_17:08,2.192508
20231205_500119080_17:09,2.223883
20231205_500119080_17:11,2.250760
20231205_500119080_17:13,2.330325
20231205_500119080_17:14,2.373565
20231205_500119080_17:15,2.345284
20231205_500119080_17:16,2.309561
20231205_500119080_17:17,2.242597
20231205_500119080_17:18,2.176992
20231205_500119080_17:19,2.137674
20231205_500119080_17:21,2.117619
20231205_500119080_17:22,2.099029
20231205_500119080_17:23,2.070547
20231205_500119080_17:24,2.050742
20231205_500119080_17:25,2.054596
20231205_500119080_17:26,2.075356
20231205_500119080_17:27,2.086474
20231205_500119080_17:28,2.063028
20231205_500119080_17:29,2.003719
20231205_500119080_17:31,1.884195
20231205_500119080_17:32,1.869791
20231205_500119080_17:33,1.878388
20231205_500119080_17:34,1.886583
20231205_500119080_17:35,1.882402
20231205_500119080_17:36,1.872672
20231205_500119080_17:37,1.883534
20231205_500119080_17:38,1.913185
20231205_500119080_17:39,1.946271
20231205_500119080_17:40,1.953168
20231205_500119080_17:41,1.917067
20231205_500119080_17:42,1.849340
20231205_500119080_17:43,1.781579
20231205_500119080_17:44,1.741051
20231205_500119080_17:45,1.734728
20231205_500119080_17:46,1.736763
20231205_500119080_17:47,1.731089
20231205_500119080_17:48,1.716299
20231205_500119080_17:49,1.709420
20231205_500119080_17:50,1.726947
20231205_500119080_17:51,1.765109
20231205_500119080_17:52,1.798712
20231205_500119080_17:53,1.800772
20231205_500119080_17:54,1.765805
20231205_500119080_17:55,1.712036
20231205_500119080_17:56,1.678841
20231205_500119080_17:57,1.679610
20231205_500119080_17:58,1.705146
20231205_500119080_17:59,1.731905
20231205_500119080_18:01,1.751234
20231205_500119080_18:02,1.768767
20231205_500119080_18:03,1.806022
20231205_500119080_18:04,1.847940
20231205_500119080_18:05,1.829849
20231205_500119080_18:06,1.802239
20231205_500119080_18:07,1.736790
20231205_500119080_18:08,1.665793
20231205_500119080_18:09,1.616553
20231205_500119080_18:10,1.596817
20231205_500119080_18:11,1.604253
20231205_500119080_18:12,1.593055
20231205_500119080_18:13,1.549789
20231205_500119080_18:14,1.527596
20231205_500119080_18:15,1.566328
20231205_500119080_18:16,1.588165
20231205_500119080_18:17,1.609120
20231205_500119080_18:18,1.601287
20231205_500119080_18:19,1.549623
20231205_500119080_18:21,1.426460
20231205_500119080_18:22,1.412540
20231205_500119080_18:23,1.428010
20231205_500119080_18:24,1.447786
20231205_500119080_18:25,1.420393
20231205_500119080_18:26,1.452269
20231205_500119080_18:27,1.457247
20231205_500119080_18:28,1.483007
20231205_500119080_18:29,1.535604
20231205_500119080_18:31,1.554429
20231205_500119080_18:32,1.506664
20231205_500119080_18:33,1.450201
20231205_500119080_18:34,1.415947
20231205_500119080_18:35,1.414355
20231205_500119080_18:36,1.447107
20231205_500119080_18:37,1.458585
20231205_500119080_18:38,1.446951
20231205_500119080_18:39,1.452088
20231205_500119080_18:40,1.478726
20231205_500119080_18:41,1.529524
20231205_500119080_18:42,1.583685
20231205_500119080_18:43,1.612105
20231205_500119080_18:44,1.601972
20231205_500119080_18:45,1.568701
20231205_500119080_18:46,1.544147
20231205_500119080_18:47,1.551292
20231205_500119080_18:48,1.587595
20231205_500119080_18:49,1.631102
20231205_500119080_18:50,1.660583
20231205_500119080_18:51,1.678645
20231205_500119080_18:52,1.705851
20231205_500119080_18:53,1.754865
20231205_500119080_18:54,1.810748
20231205_500119080_18:55,1.852694
20231205_500119080_18:56,1.848642
20231205_500119080_18:58,1.734884
20231205_500119080_18:59,1.690433
20231205_500119080_19:01,1.671577
20231205_500119080_19:02,1.667254
20231205_500119080_19:03,1.649177
20231205_500119080_19:04,1.628752
20231205_500119080_19:05,1.586980
20231205_500119080_19:06,1.607578
20231205_500119080_19:07,1.633967
20231205_500119080_19:08,1.637094
20231205_500119080_19:09,1.592746
20231205_500119080_19:11,1.460000
20231205_500119080_19:12,1.433015
20231205_500119080_19:13,1.439360
20231205_500119080_19:14,1.455959
20231205_500119080_19:15,1.387803
20231205_500119080_19:16,1.383824
20231205_500119080_19:17,1.388482
20231205_500119080_19:18,1.417151
20231205_500119080_19:19,1.461650
20231205_500119080_19:21,1.483140
20231205_500119080_19:22,1.431265
20231205_500119080_19:23,1.364009
20231205_500119080_19:24,1.315729
20231205_500119080_19:25,1.260462
20231205_500119080_19:26,1.261949
20231205_500119080_19:27,1.264626
20231205_500119080_19:28,1.255855
20231205_500119080_19:29,1.244285
20231205_500119080_19:31,1.280575
20231205_500119080_19:32,1.321907
20231205_500119080_19:33,1.344391
20231205_500119080_19:34,1.328902
20231205_500119080_19:35,1.319477
20231205_500119080_19:36,1.269732
20231205_500119080_19:37,1.252037
20231205_500119080_19:38,1.268408
20231205_500119080_19:39,1.297162
20231205_500119080_19:41,1.320335
20231205_500119080_19:42,1.329090
20231205_500119080_19:43,1.358619
20231205_500119080_19:44,1.404233
20231205_500119080_19:45,1.399469
20231205_500119080_19:46,1.393010
20231205_500119080_19:47,1.340181
20231205_500119080_19:48,1.264964
20231205_500119080_19:49,1.202494
20231205_500119080_19:51,1.152555
20231205_500119080_19:52,1.140980
20231205_500119080_19:53,1.116794
20231205_500119080_19:54,1.086210
20231205_500119080_19:55,1.033828
20231205_500119080_19:56,1.041553
20231205_500119080_19:57,1.062487
20231205_500119080_19:58,1.068318
20231205_500119080_19:59,1.037555
20231205_500119080_20:01,0.902536
20231205_500119080_20:02,0.863494
20231205_500119080_20:03,0.861736
20231205_500119080_20:04,0.877979
20231205_500119080_20:05,0.888270
20231205_500119080_20:06,0.886711
20231205_500119080_20:07,0.887364
20231205_500119080_20:08,0.906306
20231205_500119080_20:09,0.945253
20231205_500119080_20:11,0.988303
20231205_500119080_20:12,0.951662
20231205_500119080_20:13,0.889230
20231205_500119080_20:14,0.833866
20231205_500119080_20:15,0.770131
20231205_500119080_20:16,0.773545
20231205_500119080_20:17,0.784480
20231205_500119080_20:18,0.785778
20231205_500119080_20:19,0.780505
20231205_500119080_20:21,0.820128
20231205_500119080_20:22,0.869695
20231205_500119080_20:23,0.908491
20231205_500119080_20:24,0.912291
20231205_500119080_20:25,0.846304
20231205_500119080_20:26,0.806765
20231205_500119080_20:27,0.789356
20231205_500119080_20:28,0.805890
20231205_500119080_20:29,0.842588
20231205_500119080_20:31,0.894715
20231205_500119080_20:32,0.909528
20231205_500119080_20:33,0.938814
20231205_500119080_20:34,0.986147
20231205_500119080_20:35,1.070993
20231205_500119080_20:36,1.086043
20231205_500119080_20:37,1.054982
20231205_500119080_20:38,0.991138
20231205_500119080_20:39,0.926715
20231205_500119080_20:40,0.887808
20231205_500119080_20:41,0.875949
20231205_500119080_20:42,0.871873
20231205_500119080_20:43,0.856872
20231205_500119080_20:44,0.831354
20231205_500119080_20:45,0.852163
20231205_500119080_20:46,0.857518
20231205_500119080_20:47,0.881028
20231205_500119080_20:48,0.896882
20231205_500119080_20:49,0.879300
20231205_500119080_20:50,0.825184
20231205_500119080_20:51,0.758267
20231205_500119080_20:52,0.710681
20231205_500119080_20:53,0.698043
20231205_500119080_20:54,0.709822
20231205_500119080_20:55,0.683806
20231205_500119080_20:56,0.684454
20231205_500119080_20:57,0.671023
20231205_500119080_20:58,0.686804
20231205_500119080_20:59,0.725490
20231205_500119080_21:01,0.777645
20231205_500119080_21:02,0.750917
20231205_500119080_21:03,0.711210
20231205_500119080_21:04,0.657179
20231205_500119080_21:05,0.639721
20231205_500119080_21:06,0.669578
20231205_500119080_21:07,0.710349
20231205_500119080_21:08,0.715616
20231205_500119080_21:09,0.675127
20231205_500119080_21:10,0.626735
20231205_500119080_21:11,0.622517
20231205_500119080_21:12,0.680051
20231205_500119080_21:13,0.763889
20231205_500119080_21:14,0.814911
20231205_500119080_21:15,0.764391
20231205_500119080_21:16,0.708836
20231205_500119080_21:17,0.666216
20231205_500119080_21:18,0.674317
20231205_500119080_21:19,0.721338
20231205_500119080_21:21,0.754911
20231205_500119080_21:22,0.717159
20231205_500119080_21:23,0.696081
20231205_500119080_21:24,0.732901
20231205_500119080_21:25,0.820501
20231205_500119080_21:26,0.906226
20231205_500119080_21:27,0.936044
20231205_500119080_21:28,0.900431
20231205_500119080_21:29,0.840595
20231205_500119080_21:31,0.826113
20231205_500119080_21:32,0.857839
20231205_500119080_21:33,0.857258
20231205_500119080_21:34,0.807809
20231205_500119080_21:35,0.779364
20231205_500119080_21:36,0.751301
20231205_500119080_21:37,0.785192
20231205_500119080_21:38,0.852191
20231205_500119080_21:39,0.893685
20231205_500119080_21:40,0.872158
20231205_500119080_21:41,0.803040
20231205_500119080_21:42,0.738284
20231205_500119080_21:43,0.726817
20231205_500119080_21:44,0.759752
20231205_500119080_21:45,0.754542
20231205_500119080_21:46,0.746524
20231205_500119080_21:47,0.710056
20231205_500119080_21:48,0.672540
20231205_500119080_21:49,0.698161
20231205_500119080_21:50,0.781008
20231205_500119080_21:51,0.872558
20231205_500119080_21:52,0.915841
20231205_500119080_21:53,0.893888
20231205_500119080_21:54,0.842556
20231205_500119080_21:55,0.853568
20231205_500119080_21:56,0.876995
20231205_500119080_21:57,0.923803
20231205_500119080_21:58,0.945217
20231205_500119080_21:59,0.918227
20231205_500119080_22:01,0.852551
20231205_500119080_22:02,0.897595
20231205_500119080_22:03,0.982299
20231205_500119080_22:04,1.048920
20231205_500119080_22:05,1.054115
20231205_500119080_22:06,1.006070
20231205_500119080_22:07,0.955581
20231205_500119080_22:08,0.949681
20231205_500119080_22:09,0.990387
20231205_500119080_22:10,1.036009
20231205_500119080_22:12,1.009158
20231205_500119080_22:13,1.039834
20231205_500119080_22:14,1.091139
20231205_500119080_22:15,1.157577
20231205_500119080_22:16,1.204745
20231205_500119080_22:17,1.210508
20231205_500119080_22:18,1.182125
20231205_500119080_22:19,1.119767
20231205_500119080_22:21,1.075014
20231205_500119080_22:22,1.103260
20231205_500119080_22:23,1.110301
20231205_500119080_22:24,1.067639
20231205_500119080_22:25,1.078450
20231205_500119080_22:26,1.080457
20231205_500119080_22:27,1.106280
20231205_500119080_22:28,1.139497
20231205_500119080_22:29,1.151055
20231205_500119080_22:31,1.068103
20231205_500119080_22:32,1.013475
20231205_500119080_22:33,1.016911
20231205_500119080_22:34,1.028064
20231205_500119080_22:35,0.948742
20231205_500119080_22:36,0.962189
20231205_500119080_22:37,0.964091
20231205_500119080_22:38,0.973378
20231205_500119080_22:39,1.017848
20231205_500119080_22:41,1.081559
20231205_500119080_22:42,1.080887
20231205_500119080_22:43,1.038052
20231205_500119080_22:44,0.974938
20231205_500119080_22:45,1.015085
20231205_500119080_22:46,1.040491
20231205_500119080_22:47,1.035934
20231205_500119080_22:48,1.022445
20231205_500119080_22:49,0.986983
20231205_500119080_22:51,1.064772
20231205_500119080_22:52,1.117580
20231205_500119080_22:53,1.130079
20231205_500119080_22:54,1.098033
20231205_500119080_22:55,1.018079
20231205_500119080_22:56,0.996883
20231205_500119080_22:57,1.018949
20231205_500119080_22:58,1.056744
20231205_500119080_22:59,1.074251
20231205_500119080_23:01,1.029462
20231205_500119080_23:02,1.025131
20231205_500119080_23:03,1.060233
20231205_500119080_23:04,1.112362
20231205_500119080_23:05,1.178221
20231205_500119080_23:06,1.166198
20231205_500119080_23:07,1.167436
20231205_500119080_23:08,1.123119
20231205_500119080_23:09,1.051982
20231205_500119080_23:11,1.010337
20231205_500119080_23:12,1.009157
20231205_500119080_23:13,0.981209
20231205_500119080_23:14,0.947629
20231205_500119080_23:15,0.842412
20231205_500119080_23:16,0.826189
20231205_500119080_23:17,0.841186
20231205_500119080_23:18,0.857715
20231205_500119080_23:19,0.867348
20231205_500119080_23:21,0.812136
20231205_500119080_23:22,0.729524
20231205_500119080_23:23,0.677846
20231205_500119080_23:24,0.680009
20231205_500119080_23:25,0.708631
20231205_500119080_23:26,0.714948
20231205_500119080_23:27,0.698760
20231205_500119080_23:28,0.699247
20231205_500119080_23:29,0.717768
20231205_500119080_23:31,0.795719
20231205_500119080_23:32,0.805017
20231206_500119080_00:00,0.318811
20231206_500119080_00:01,0.273379
20231206_500119080_00:02,0.276481
20231206_500119080_00:03,0.295768
20231206_500119080_00:04,0.317417
20231206_500119080_00:05,0.313398
20231206_500119080_00:06,0.290825
20231206_500119080_00:07,0.276974
20231206_500119080_00:08,0.297688
20231206_500119080_00:09,0.322958
20231206_500119080_00:10,0.347905
20231206_500119080_00:11,0.349273
20231206_500119080_00:12,0.331905
20231206_500119080_00:13,0.324034
20231206_500119080_00:14,0.353984
20231206_500119080_00:15,0.425663
20231206_500119080_00:16,0.514820
20231206_500119080_00:17,0.589343
20231206_500119080_00:18,0.635163
20231206_500119080_00:19,0.664597
20231206_500119080_00:21,0.733521
20231206_500119080_00:22,0.790119
20231206_500119080_00:23,0.818683
20231206_500119080_00:24,0.797935
20231206_500119080_00:25,0.751617
20231206_500119080_00:26,0.750762
20231206_500119080_00:27,0.789492
20231206_500119080_00:28,0.805840
20231206_500119080_00:29,0.793632
20231206_500119080_00:30,0.795363
20231206_500119080_00:31,0.768179
20231206_500119080_00:32,0.739248
20231206_500119080_00:33,0.714446
20231206_500119080_00:34,0.692692
20231206_500119080_00:35,0.759197
20231206_500119080_00:36,0.752264
20231206_500119080_00:37,0.701374
20231206_500119080_00:38,0.661560
20231206_500119080_00:39,0.633758
20231206_500119080_00:40,0.626178
20231206_500119080_00:41,0.677720
20231206_500119080_00:42,0.730995
20231206_500119080_00:43,0.726369
20231206_500119080_00:44,0.700637
20231206_500119080_00:45,0.725857
20231206_500119080_00:46,0.707994
20231206_500119080_00:47,0.739688
20231206_500119080_00:48,0.726424
20231206_500119080_00:49,0.675734
20231206_500119080_00:50,0.603983
20231206_500119080_00:51,0.546777
20231206_500119080_00:52,0.529674
20231206_500119080_00:53,0.547289
20231206_500119080_00:54,0.569523
20231206_500119080_00:55,0.531058
20231206_500119080_00:56,0.512381
20231206_500119080_00:57,0.500082
20231206_500119080_00:58,0.510627
20231206_500119080_00:59,0.535822
20231206_500119080_01:00,0.543747
20231206_500119080_01:01,0.543563
20231206_500119080_01:02,0.524601
20231206_500119080_01:03,0.506172
20231206_500119080_01:04,0.519403
20231206_500119080_01:05,0.614055
20231206_500119080_01:06,0.696437
20231206_500119080_01:07,0.771657
20231206_500119080_01:08,0.814623
20231206_500119080_01:09,0.830754
20231206_500119080_01:10,0.850941
20231206_500119080_01:11,0.864726
20231206_500119080_01:12,0.906793
20231206_500119080_01:14,0.941310
20231206_500119080_01:16,0.852548
20231206_500119080_01:18,0.867450
20231206_500119080_01:19,0.894618
20231206_500119080_01:21,0.904509
20231206_500119080_01:22,0.866353
20231206_500119080_01:23,0.846121
20231206_500119080_01:24,0.849016
20231206_500119080_01:25,0.853640
20231206_500119080_01:26,0.832640
20231206_500119080_01:27,0.780039
20231206_500119080_01:28,0.719647
20231206_500119080_01:29,0.686126
20231206_500119080_01:31,0.730973
20231206_500119080_01:32,0.758563
20231206_500119080_01:33,0.755454
20231206_500119080_01:35,0.707431
20231206_500119080_01:36,0.703035
20231206_500119080_01:37,0.711167
20231206_500119080_01:38,0.703926
20231206_500119080_01:39,0.660583
20231206_500119080_01:41,0.523101
20231206_500119080_01:42,0.493086
20231206_500119080_01:43,0.513750
20231206_500119080_01:44,0.559204
20231206_500119080_01:45,0.619816
20231206_500119080_01:46,0.609468
20231206_500119080_01:47,0.596365
20231206_500119080_01:48,0.603850
20231206_500119080_01:49,0.631069
20231206_500119080_01:51,0.650551
20231206_500119080_01:52,0.623717
20231206_500119080_01:53,0.604505
20231206_500119080_01:54,0.621772
20231206_500119080_01:55,0.635871
20231206_500119080_01:56,0.714689
20231206_500119080_01:57,0.779303
20231206_500119080_01:58,0.807883
20231206_500119080_01:59,0.810129
20231206_500119080_02:01,0.864920
20231206_500119080_02:02,0.910523
20231206_500119080_02:03,0.948665
20231206_500119080_02:04,0.944541
20231206_500119080_02:05,0.862877
20231206_500119080_02:06,0.818777
20231206_500119080_02:07,0.802713
20231206_500119080_02:08,0.839746
20231206_500119080_02:09,0.893943
20231206_500119080_02:11,0.906096
20231206_500119080_02:12,0.883346
20231206_500119080_02:13,0.864293
20231206_500119080_02:14,0.817265
20231206_500119080_02:15,0.861852
20231206_500119080_02:16,0.872987
20231206_500119080_02:17,0.850178
20231206_500119080_02:18,0.794852
20231206_500119080_02:19,0.735502
20231206_500119080_02:21,0.756565
20231206_500119080_02:22,0.801470
20231206_500119080_02:23,0.833428
20231206_500119080_02:24,0.806183
20231206_500119080_02:25,0.785187
20231206_500119080_02:26,0.724975
20231206_500119080_02:27,0.711299
20231206_500119080_02:28,0.737582
20231206_500119080_02:29,0.725825
20231206_500119080_02:30,0.676218
20231206_500119080_02:31,0.682227
20231206_500119080_02:32,0.726447
20231206_500119080_02:33,0.773426
20231206_500119080_02:34,0.784633
20231206_500119080_02:35,0.750208
20231206_500119080_02:36,0.695438
20231206_500119080_02:37,0.674300
20231206_500119080_02:38,0.669003
20231206_500119080_02:39,0.686116
20231206_500119080_02:40,0.706398
20231206_500119080_02:41,0.704459
20231206_500119080_02:42,0.675422
20231206_500119080_02:43,0.643166
20231206_500119080_02:44,0.641563
20231206_500119080_02:45,0.656493
20231206_500119080_02:46,0.697262
20231206_500119080_02:47,0.738199
20231206_500119080_02:48,0.791968
20231206_500119080_02:49,0.787302
20231206_500119080_02:50,0.734816
20231206_500119080_02:51,0.682594
20231206_500119080_02:52,0.672554
20231206_500119080_02:53,0.729247
20231206_500119080_02:54,0.790029
20231206_500119080_02:55,0.801798
20231206_500119080_02:56,0.806276
20231206_500119080_02:57,0.797890
20231206_500119080_02:58,0.811362
20231206_500119080_02:59,0.847679
20231206_500119080_03:00,0.864012
20231206_500119080_03:01,0.835336
20231206_500119080_03:02,0.805177
20231206_500119080_03:03,0.735713
20231206_500119080_03:04,0.679997
20231206_500119080_03:05,0.712234
20231206_500119080_03:06,0.727056
20231206_500119080_03:07,0.724287
20231206_500119080_03:08,0.680722
20231206_500119080_03:09,0.617638
20231206_500119080_03:10,0.585219
20231206_500119080_03:11,0.609258
20231206_500119080_03:12,0.667151
20231206_500119080_03:13,0.703628
20231206_500119080_03:14,0.667862
20231206_500119080_03:15,0.524949
20231206_500119080_03:16,0.485691
20231206_500119080_03:17,0.476956
20231206_500119080_03:18,0.521802
20231206_500119080_03:19,0.500237
20231206_500119080_03:21,0.370359
20231206_500119080_03:22,0.353841
20231206_500119080_03:23,0.367945
20231206_500119080_03:24,0.377146
20231206_500119080_03:25,0.421736
20231206_500119080_03:26,0.420975
20231206_500119080_03:27,0.402562
20231206_500119080_03:28,0.394317
20231206_500119080_03:29,0.409876
20231206_500119080_03:30,0.432255
20231206_500119080_03:31,0.434854
20231206_500119080_03:32,0.412708
20231206_500119080_03:33,0.386972
20231206_500119080_03:34,0.375070
20231206_500119080_03:35,0.493086
20231206_500119080_03:36,0.562547
20231206_500119080_03:37,0.635163
20231206_500119080_03:38,0.707087
20231206_500119080_03:39,0.752026
20231206_500119080_03:40,0.776872
20231206_500119080_03:41,0.804899
20231206_500119080_03:42,0.826438
20231206_500119080_03:43,0.878544
20231206_500119080_03:44,0.919800
20231206_500119080_03:45,0.936529
20231206_500119080_03:46,0.929661
20231206_500119080_03:47,0.957692
20231206_500119080_03:48,0.994707
20231206_500119080_03:49,1.013323
20231206_500119080_03:50,0.994347
20231206_500119080_03:51,0.944016
20231206_500119080_03:52,0.891581
20231206_500119080_03:53,0.859125
20231206_500119080_03:54,0.835383
20231206_500119080_03:56,0.843525
20231206_500119080_03:57,0.849693
20231206_500119080_03:58,0.809847
20231206_500119080_03:59,0.769494
20231206_500119080_04:01,0.772873
20231206_500119080_04:02,0.788866
20231206_500119080_04:03,0.794781
20231206_500119080_04:04,0.783292
20231206_500119080_04:05,0.713067
20231206_500119080_04:06,0.692307
20231206_500119080_04:07,0.675872
20231206_500119080_04:08,0.700525
20231206_500119080_04:09,0.686951
20231206_500119080_04:11,0.562220
20231206_500119080_04:12,0.544748
20231206_500119080_04:13,0.550081
20231206_500119080_04:14,0.546310
20231206_500119080_04:15,0.513294
20231206_500119080_04:16,0.512369
20231206_500119080_04:17,0.487056
20231206_500119080_04:18,0.460588
20231206_500119080_04:19,0.458638
20231206_500119080_04:21,0.513886
20231206_500119080_04:22,0.520948
20231206_500119080_04:23,0.500986
20231206_500119080_04:24,0.478924
20231206_500119080_04:25,0.488427
20231206_500119080_04:26,0.542605
20231206_500119080_04:27,0.622260
20231206_500119080_04:28,0.692227
20231206_500119080_04:29,0.730867
20231206_500119080_04:31,0.763830
20231206_500119080_04:32,0.800509
20231206_500119080_04:33,0.845328
20231206_500119080_04:34,0.869309
20231206_500119080_04:35,0.852732
20231206_500119080_04:36,0.805511
20231206_500119080_04:37,0.761153
20231206_500119080_04:38,0.749108
20231206_500119080_04:39,0.770193
20231206_500119080_04:41,0.799659
20231206_500119080_04:42,0.770841
20231206_500119080_04:43,0.731563
20231206_500119080_04:44,0.709046
20231206_500119080_04:45,0.710267
20231206_500119080_04:46,0.715086
20231206_500119080_04:47,0.695654
20231206_500119080_04:48,0.644136
20231206_500119080_04:49,0.582804
20231206_500119080_04:51,0.553086
20231206_500119080_04:52,0.587835
20231206_500119080_04:53,0.616752
20231206_500119080_04:54,0.615654
20231206_500119080_04:55,0.584989
20231206_500119080_04:56,0.559129
20231206_500119080_04:57,0.553604
20231206_500119080_04:58,0.561975
20231206_500119080_04:59,0.556878
20231206_500119080_05:01,0.446482
20231206_500119080_05:02,0.382462
20231206_500119080_05:03,0.347464
20231206_500119080_05:04,0.355920
20231206_500119080_05:05,0.414121
20231206_500119080_05:06,0.423109
20231206_500119080_05:07,0.405713
20231206_500119080_05:08,0.379837
20231206_500119080_05:09,0.373399
20231206_500119080_05:11,0.432578
20231206_500119080_05:12,0.451747
20231206_500119080_05:13,0.442176
20231206_500119080_05:14,0.422058
20231206_500119080_05:15,0.387729
20231206_500119080_05:16,0.435967
20231206_500119080_05:17,0.517643
20231206_500119080_05:18,0.599008
20231206_500119080_05:19,0.652267
20231206_500119080_05:21,0.698149
20231206_500119080_05:22,0.735889
20231206_500119080_05:23,0.787365
20231206_500119080_05:24,0.826101
20231206_500119080_05:25,0.865118
20231206_500119080_05:26,0.829844
20231206_500119080_05:27,0.787641
20231206_500119080_05:28,0.793644
20231206_500119080_05:29,0.832309
20231206_500119080_05:30,0.841265
20231206_500119080_05:31,0.845373
20231206_500119080_05:32,0.830157
20231206_500119080_05:33,0.797053
20231206_500119080_05:34,0.774460
20231206_500119080_05:35,0.814513
20231206_500119080_05:36,0.827330
20231206_500119080_05:37,0.822225
20231206_500119080_05:38,0.783948
20231206_500119080_05:39,0.727421
20231206_500119080_05:40,0.687038
20231206_500119080_05:41,0.721488
20231206_500119080_05:42,0.755993
20231206_500119080_05:43,0.761905
20231206_500119080_05:44,0.774069
20231206_500119080_05:45,0.799203
20231206_500119080_05:46,0.774857
20231206_500119080_05:47,0.767474
20231206_500119080_05:48,0.778265
20231206_500119080_05:49,0.783374
20231206_500119080_05:50,0.756511
20231206_500119080_05:51,0.702738
20231206_500119080_05:52,0.686594
20231206_500119080_05:53,0.694983
20231206_500119080_05:54,0.709269
20231206_500119080_05:55,0.663062
20231206_500119080_05:56,0.623524
20231206_500119080_05:57,0.581100
20231206_500119080_05:58,0.557700
20231206_500119080_05:59,0.556412
20231206_500119080_06:00,0.578070
20231206_500119080_06:01,0.604672
20231206_500119080_06:02,0.626639
20231206_500119080_06:03,0.625400
20231206_500119080_06:04,0.606050
20231206_500119080_06:05,0.681618
20231206_500119080_06:06,0.718683
20231206_500119080_06:07,0.795168
20231206_500119080_06:08,0.880951
20231206_500119080_06:09,0.943766
20231206_500119080_06:10,0.975471
20231206_500119080_06:11,0.995386
20231206_500119080_06:12,1.028435
20231206_500119080_06:13,1.078959
20231206_500119080_06:14,1.124905
20231206_500119080_06:15,1.137995
20231206_500119080_06:16,1.111264
20231206_500119080_06:17,1.068181
20231206_500119080_06:18,1.081776
20231206_500119080_06:19,1.112528
20231206_500119080_06:21,1.119463
20231206_500119080_06:22,1.114119
20231206_500119080_06:23,1.084720
20231206_500119080_06:24,1.058743
20231206_500119080_06:25,1.018495
20231206_500119080_06:26,1.033291
20231206_500119080_06:27,1.037827
20231206_500119080_06:28,1.010739
20231206_500119080_06:29,0.958808
20231206_500119080_06:30,0.913745
20231206_500119080_06:31,0.905795
20231206_500119080_06:32,0.937734
20231206_500119080_06:33,0.982675
20231206_500119080_06:34,1.007549
20231206_500119080_06:35,1.038869
20231206_500119080_06:36,1.017897
20231206_500119080_06:37,1.009189
20231206_500119080_06:38,1.008347
20231206_500119080_06:39,1.023790
20231206_500119080_06:40,1.024358
20231206_500119080_06:41,0.976060
20231206_500119080_06:42,0.911545
20231206_500119080_06:43,0.866878
20231206_500119080_06:44,0.857351
20231206_500119080_06:45,0.835536
20231206_500119080_06:46,0.883021
20231206_500119080_06:48,0.832647
20231206_500119080_06:49,0.819250
20231206_500119080_06:51,0.876393
20231206_500119080_06:52,0.921623
20231206_500119080_06:53,0.919420
20231206_500119080_06:54,0.871489
20231206_500119080_06:55,0.841041
20231206_500119080_06:56,0.852590
20231206_500119080_06:57,0.947737
20231206_500119080_06:58,1.066392
20231206_500119080_06:59,1.142269
20231206_500119080_07:01,1.206838
20231206_500119080_07:02,1.201078
20231206_500119080_07:03,1.223805
20231206_500119080_07:04,1.277272
20231206_500119080_07:05,1.289888
20231206_500119080_07:06,1.297601
20231206_500119080_07:07,1.261447
20231206_500119080_07:08,1.219055
20231206_500119080_07:09,1.215238
20231206_500119080_07:11,1.320873
20231206_500119080_07:12,1.351440
20231206_500119080_07:13,1.324157
20231206_500119080_07:14,1.263304
20231206_500119080_07:15,1.215637
20231206_500119080_07:16,1.203430
20231206_500119080_07:17,1.220176
20231206_500119080_07:18,1.217657
20231206_500119080_07:19,1.181903
20231206_500119080_07:21,1.085360
20231206_500119080_07:22,1.102684
20231206_500119080_07:23,1.190688
20231206_500119080_07:24,1.242753
20231206_500119080_07:25,1.168677
20231206_500119080_07:26,1.130623
20231206_500119080_07:27,1.077737
20231206_500119080_07:28,1.051723
20231206_500119080_07:29,1.078590
20231206_500119080_07:31,1.054451
20231206_500119080_07:32,0.991732
20231206_500119080_07:33,0.920864
20231206_500119080_07:34,0.913415
20231206_500119080_07:35,0.994915
20231206_500119080_07:36,1.070819
20231206_500119080_07:37,1.086815
20231206_500119080_07:38,1.037219
20231206_500119080_07:39,0.972740
20231206_500119080_07:41,0.986613
20231206_500119080_07:42,1.030389
20231206_500119080_07:43,1.035789
20231206_500119080_07:44,0.989062
20231206_500119080_07:45,0.993196
20231206_500119080_07:46,0.987693
20231206_500119080_07:47,1.058817
20231206_500119080_07:48,1.170570
20231206_500119080_07:49,1.255342
20231206_500119080_07:51,1.301489
20231206_500119080_07:52,1.286608
20231206_500119080_07:53,1.292660
20231206_500119080_07:54,1.333244
20231206_500119080_07:55,1.417589
20231206_500119080_07:56,1.431457
20231206_500119080_07:57,1.397657
20231206_500119080_07:58,1.345180
20231206_500119080_07:59,1.321350
20231206_500119080_08:01,1.405508
20231206_500119080_08:02,1.440595
20231206_500119080_08:03,1.421220
20231206_500119080_08:04,1.358936
20231206_500119080_08:05,1.257798
20231206_500119080_08:06,1.234068
20231206_500119080_08:07,1.243868
20231206_500119080_08:08,1.249880
20231206_500119080_08:09,1.219139
20231206_500119080_08:10,1.156916
20231206_500119080_08:11,1.104622
20231206_500119080_08:12,1.102987
20231206_500119080_08:13,1.158754
20231206_500119080_08:14,0.532668
20231206_500119080_08:15,0.533976
20231206_500119080_08:16,0.555852
20231206_500119080_08:17,0.584840
20231206_500119080_08:18,0.597190
20231206_500119080_08:19,0.577478
20231206_500119080_08:21,0.482863
20231206_500119080_08:22,0.426096
20231206_500119080_08:23,0.383917
20231206_500119080_08:24,0.358121
20231206_500119080_08:25,0.413309
20231206_500119080_08:26,0.406070
20231206_500119080_08:27,0.411413
20231206_500119080_08:28,0.463936
20231206_500119080_08:29,0.471962
20231206_500119080_08:31,0.535625
20231206_500119080_08:32,0.525592
20231206_500119080_08:33,0.488729
20231206_500119080_08:34,0.456024
20231206_500119080_08:35,0.406645
20231206_500119080_08:36,0.408086
20231206_500119080_08:37,0.413871
20231206_500119080_08:38,0.419273
20231206_500119080_08:39,0.432218
20231206_500119080_08:40,0.465743
20231206_500119080_08:41,0.524500
20231206_500119080_08:42,0.584280
20231206_500119080_08:43,0.632433
20231206_500119080_08:44,0.650498
20231206_500119080_08:45,0.632937
20231206_500119080_08:46,0.591065
20231206_500119080_08:47,0.579071
20231206_500119080_08:48,0.565856
20231206_500119080_08:49,0.526842
20231206_500119080_08:50,0.476960
20231206_500119080_08:51,0.470147
20231206_500119080_08:52,0.471674
20231206_500119080_08:53,0.503626
20231206_500119080_08:54,0.562530
20231206_500119080_08:55,0.626730
20231206_500119080_08:56,0.618718
20231206_500119080_08:57,0.604333
20231206_500119080_08:58,0.580306
20231206_500119080_08:59,0.545830
20231206_500119080_09:01,0.512958
20231206_500119080_09:02,0.470347
20231206_500119080_09:03,0.450322
20231206_500119080_09:04,0.459816
20231206_500119080_09:05,0.491272
20231206_500119080_09:06,0.530743
20231206_500119080_09:07,0.596767
20231206_500119080_09:08,0.619718
20231206_500119080_09:09,0.599361
20231206_500119080_09:10,0.593697
20231206_500119080_09:11,0.587155
20231206_500119080_09:12,0.559725
20231206_500119080_09:13,0.516739
20231206_500119080_09:14,1.018106
20231206_500119080_09:15,1.040103
20231206_500119080_09:16,1.093101
20231206_500119080_09:17,1.162071
20231206_500119080_09:18,1.183336
20231206_500119080_09:19,1.149003
20231206_500119080_09:21,1.161216
20231206_500119080_09:22,1.206217
20231206_500119080_09:23,1.205026
20231206_500119080_09:24,1.162701
20231206_500119080_09:25,1.112564
20231206_500119080_09:26,1.111908
20231206_500119080_09:27,1.165857
20231206_500119080_09:28,1.243493
20231206_500119080_09:29,1.299302
20231206_500119080_09:31,1.301785
20231206_500119080_09:32,1.297566
20231206_500119080_09:33,1.326231
20231206_500119080_09:34,0.697728
20231206_500119080_09:35,0.659050
20231206_500119080_09:36,0.637803
20231206_500119080_09:37,0.622842
20231206_500119080_09:38,0.598783
20231206_500119080_09:39,0.549639
20231206_500119080_09:40,0.481070
20231206_500119080_09:41,0.421952
20231206_500119080_09:42,0.402269
20231206_500119080_09:43,0.426727
20231206_500119080_09:44,0.537852
20231206_500119080_09:45,0.474790
20231206_500119080_09:46,0.416190
20231206_500119080_09:47,0.400429
20231206_500119080_09:48,0.399714
20231206_500119080_09:49,0.405056
20231206_500119080_09:50,0.388319
20231206_500119080_09:51,0.346175
20231206_500119080_09:52,0.316656
20231206_500119080_09:53,0.325793
20231206_500119080_09:54,0.369852
20231206_500119080_09:55,0.412693
20231206_500119080_09:56,0.467880
20231206_500119080_09:57,0.471447
20231206_500119080_09:58,0.427544
20231206_500119080_09:59,0.382163
20231206_500119080_10:01,0.402296
20231206_500119080_10:02,0.407305
20231206_500119080_10:03,0.369006
20231206_500119080_10:04,0.276000
20231206_500119080_10:05,0.263386
20231206_500119080_10:06,0.294273
20231206_500119080_10:07,0.369709
20231206_500119080_10:09,0.433344
20231206_500119080_10:11,0.358538
20231206_500119080_10:12,0.364631
20231206_500119080_10:13,0.395716
20231206_500119080_10:14,0.430730
20231206_500119080_10:15,0.366305
20231206_500119080_10:16,0.305048
20231206_500119080_10:17,0.273154
20231206_500119080_10:18,0.316620
20231206_500119080_10:19,0.377378
20231206_500119080_10:21,0.509699
20231206_500119080_10:22,0.542895
20231206_500119080_10:23,0.531187
20231206_500119080_10:24,0.505525
20231206_500119080_10:25,0.515496
20231206_500119080_10:26,0.589735
20231206_500119080_10:27,0.648438
20231206_500119080_10:28,0.634405
20231206_500119080_10:29,0.552724
20231206_500119080_10:31,0.470740
20231206_500119080_10:32,0.500620
20231206_500119080_10:33,0.543945
20231206_500119080_10:34,0.257497
20231206_500119080_10:35,0.290394
20231206_500119080_10:36,0.302715
20231206_500119080_10:37,0.339071
20231206_500119080_10:38,0.350879
20231206_500119080_10:39,0.318732
20231206_500119080_10:41,0.197968
20231206_500119080_10:42,0.178485
20231206_500119080_10:43,0.202012
20231206_500119080_10:44,0.242756
20231206_500119080_10:45,0.255830
20231206_500119080_10:46,0.264613
20231206_500119080_10:47,0.271366
20231206_500119080_10:48,0.297934
20231206_500119080_10:49,0.344197
20231206_500119080_10:51,0.393164
20231206_500119080_10:52,0.356260
20231206_500119080_10:53,0.299875
20231206_500119080_10:54,0.266866
20231206_500119080_10:55,0.270757
20231206_500119080_10:56,0.311792
20231206_500119080_10:57,0.353366
20231206_500119080_10:58,0.373206
20231206_500119080_10:59,0.376063
20231206_500119080_11:01,0.415941
20231206_500119080_11:02,0.456960
20231206_500119080_11:03,0.477483
20231206_500119080_11:04,0.454785
20231206_500119080_11:05,0.396806
20231206_500119080_11:06,0.338756
20231206_500119080_11:07,0.315897
20231206_500119080_11:08,0.336293
20231206_500119080_11:09,0.377346
20231206_500119080_11:11,0.417845
20231206_500119080_11:12,0.420981
20231206_500119080_11:13,0.488077
20231206_500119080_11:14,0.522766
20231206_500119080_11:15,0.570101
20231206_500119080_11:16,0.581221
20231206_500119080_11:17,0.587977
20231206_500119080_11:18,0.557971
20231206_500119080_11:19,0.504714
20231206_500119080_11:21,0.434729
20231206_500119080_11:22,0.437609
20231206_500119080_11:23,0.452474
20231206_500119080_11:24,0.592526
20231206_500119080_11:25,0.563346
20231206_500119080_11:26,0.487472
20231206_500119080_11:27,0.449375
20231206_500119080_11:29,0.477051
20231206_500119080_11:31,0.469339
20231206_500119080_11:32,0.414148
20231206_500119080_11:33,0.378320
20231206_500119080_11:34,0.412984
20231206_500119080_11:35,0.498619
20231206_500119080_11:36,0.578510
20231206_500119080_11:37,0.628705
20231206_500119080_11:38,0.618506
20231206_500119080_11:39,0.580820
20231206_500119080_11:40,0.562000
20231206_500119080_11:41,0.577852
20231206_500119080_11:42,0.600593
20231206_500119080_11:43,0.588383
20231206_500119080_11:44,0.230298
20231206_500119080_11:45,0.157590
20231206_500119080_11:46,0.152451
20231206_500119080_11:47,0.211979
20231206_500119080_11:48,0.262486
20231206_500119080_11:49,0.280504
20231206_500119080_11:50,0.298681
20231206_500119080_11:51,0.300961
20231206_500119080_11:52,0.315250
20231206_500119080_11:53,0.352544
20231206_500119080_11:54,0.363737
20231206_500119080_11:55,0.421505
20231206_500119080_11:56,0.386096
20231206_500119080_11:57,0.320281
20231206_500119080_11:58,0.263421
20231206_500119080_11:59,0.254691
20231206_500119080_12:01,0.372753
20231206_500119080_12:02,0.437847
20231206_500119080_12:03,0.489041
20231206_500119080_12:04,0.526815
20231206_500119080_12:05,0.495052
20231206_500119080_12:06,0.519533
20231206_500119080_12:07,0.526595
20231206_500119080_12:08,0.510690
20231206_500119080_12:09,0.477915
20231206_500119080_12:10,0.445177
20231206_500119080_12:11,0.429897
20231206_500119080_12:12,0.438420
20231206_500119080_12:13,0.462726
20231206_500119080_12:14,0.487894
20231206_500119080_12:15,0.539227
20231206_500119080_12:16,0.544856
20231206_500119080_12:17,0.545758
20231206_500119080_12:18,0.541427
20231206_500119080_12:19,0.527412
20231206_500119080_12:21,0.459643
20231206_500119080_12:22,0.412846
20231206_500119080_12:23,0.378080
20231206_500119080_12:24,1.140185
20231206_500119080_12:25,1.082033
20231206_500119080_12:26,1.082971
20231206_500119080_12:27,1.053650
20231206_500119080_12:28,1.045576
20231206_500119080_12:29,1.070906
20231206_500119080_12:30,1.096206
20231206_500119080_12:31,1.085049
20231206_500119080_12:32,1.039992
20231206_500119080_12:33,0.954108
20231206_500119080_12:34,0.428685
20231206_500119080_12:35,0.468261
20231206_500119080_12:36,0.458711
20231206_500119080_12:37,0.429273
20231206_500119080_12:38,0.391722
20231206_500119080_12:39,0.385141
20231206_500119080_12:40,0.400919
20231206_500119080_12:41,0.408439
20231206_500119080_12:42,0.412533
20231206_500119080_12:43,0.411879
20231206_500119080_12:44,0.403264
20231206_500119080_12:45,0.372687
20231206_500119080_12:46,0.336675
20231206_500119080_12:47,0.292019
20231206_500119080_12:48,0.265140
20231206_500119080_12:49,0.267514
20231206_500119080_12:50,0.286013
20231206_500119080_12:51,0.332144
20231206_500119080_12:52,0.380013
20231206_500119080_12:53,0.409896
20231206_500119080_12:54,0.429010
20231206_500119080_12:55,0.486943
20231206_500119080_12:56,0.493045
20231206_500119080_12:57,0.483773
20231206_500119080_12:58,0.451721
20231206_500119080_12:59,0.407618
20231206_500119080_13:01,0.384545
20231206_500119080_13:02,0.342401
20231206_500119080_13:03,0.287362
20231206_500119080_13:04,0.279379
20231206_500119080_13:05,0.275141
20231206_500119080_13:06,0.260360
20231206_500119080_13:07,0.239706
20231206_500119080_13:08,0.213009
20231206_500119080_13:09,0.178648
20231206_500119080_13:10,0.133888
20231206_500119080_13:11,0.074657
20231206_500119080_13:12,0.006914
20231206_500119080_13:13,0.053090
20231206_500119080_13:14,0.088154
20231206_500119080_13:16,0.072744
20231206_500119080_13:17,0.047929
20231206_500119080_13:18,0.036634
20231206_500119080_13:19,0.034672
20231206_500119080_13:21,0.040521
20231206_500119080_13:22,0.055816
20231206_500119080_13:23,0.089700
20231206_500119080_13:24,0.141019
20231206_500119080_13:25,0.171671
20231206_500119080_13:26,0.205358
20231206_500119080_13:27,0.237269
20231206_500119080_13:28,0.230526
20231206_500119080_13:29,0.209529
20231206_500119080_13:31,0.180052
20231206_500119080_13:32,0.177882
20231206_500119080_13:33,0.177907
20231206_500119080_13:34,0.179352
20231206_500119080_13:35,0.188677
20231206_500119080_13:36,0.207687
20231206_500119080_13:37,0.262391
20231206_500119080_13:38,0.285041
20231206_500119080_13:39,0.283772
20231206_500119080_13:41,0.192877
20231206_500119080_13:42,0.127475
20231206_500119080_13:43,0.069632
20231206_500119080_13:44,1.364702
20231206_500119080_13:45,1.395941
20231206_500119080_13:46,1.398077
20231206_500119080_13:47,1.428497
20231206_500119080_13:48,1.450661
20231206_500119080_13:49,1.426407
20231206_500119080_13:51,1.287384
20231206_500119080_13:52,1.269820
20231206_500119080_13:53,1.317106
20231206_500119080_13:54,1.649674
20231206_500119080_13:55,1.677189
20231206_500119080_13:56,1.657487
20231206_500119080_13:57,1.599531
20231206_500119080_13:58,1.552631
20231206_500119080_13:59,1.546219
20231206_500119080_14:01,1.563007
20231206_500119080_14:02,1.517733
20231206_500119080_14:03,1.449735
20231206_500119080_14:04,1.411850
20231206_500119080_14:05,1.455359
20231206_500119080_14:06,1.540374
20231206_500119080_14:07,1.625244
20231206_500119080_14:08,1.657501
20231206_500119080_14:09,1.629170
20231206_500119080_14:11,1.550119
20231206_500119080_14:12,1.554523
20231206_500119080_14:13,1.558978
20231206_500119080_14:14,1.523069
20231206_500119080_14:15,1.428173
20231206_500119080_14:16,1.342392
20231206_500119080_14:17,1.306396
20231206_500119080_14:18,1.340162
20231206_500119080_14:19,1.410716
20231206_500119080_14:21,1.452074
20231206_500119080_14:22,1.404293
20231206_500119080_14:23,1.364517
20231206_500119080_14:24,0.855874
20231206_500119080_14:25,0.909805
20231206_500119080_14:26,0.907439
20231206_500119080_14:27,0.887535
20231206_500119080_14:28,0.869240
20231206_500119080_14:29,0.892124
20231206_500119080_14:31,1.087584
20231206_500119080_14:32,1.169435
20231206_500119080_14:33,1.182032
20231206_500119080_14:34,1.739242
20231206_500119080_14:35,1.717014
20231206_500119080_14:36,1.711843
20231206_500119080_14:37,1.739369
20231206_500119080_14:38,1.771071
20231206_500119080_14:39,1.764027
20231206_500119080_14:40,1.705855
20231206_500119080_14:41,1.636880
20231206_500119080_14:42,1.607610
20231206_500119080_14:43,1.645305
20231206_500119080_14:44,1.464375
20231206_500119080_14:45,1.539075
20231206_500119080_14:46,1.542696
20231206_500119080_14:47,1.498280
20231206_500119080_14:48,1.452388
20231206_500119080_14:49,1.443802
20231206_500119080_14:50,1.468439
20231206_500119080_14:51,1.486224
20231206_500119080_14:52,1.462875
20231206_500119080_14:53,1.406991
20231206_500119080_14:54,0.281851
20231206_500119080_14:55,0.297264
20231206_500119080_14:56,0.321533
20231206_500119080_14:57,0.385185
20231206_500119080_14:58,0.446322
20231206_500119080_14:59,0.464682
20231206_500119080_15:01,0.443755
20231206_500119080_15:02,0.480059
20231206_500119080_15:03,0.562543
20231206_500119080_15:04,1.601991
20231206_500119080_15:05,1.556747
20231206_500119080_15:06,1.482697
20231206_500119080_15:07,1.447887
20231206_500119080_15:08,1.476685
20231206_500119080_15:09,1.555155
20231206_500119080_15:10,1.626878
20231206_500119080_15:11,1.646521
20231206_500119080_15:12,1.616594
20231206_500119080_15:13,1.580866
20231206_500119080_15:14,1.581663
20231206_500119080_15:15,1.621019
20231206_500119080_15:16,1.661414
20231206_500119080_15:17,1.664804
20231206_500119080_15:18,1.632900
20231206_500119080_15:19,1.610280
20231206_500119080_15:21,1.749352
20231206_500119080_15:22,1.876995
20231206_500119080_15:23,1.968894
20231206_500119080_15:24,0.820297
20231206_500119080_15:25,0.755354
20231206_500119080_15:26,0.779941
20231206_500119080_15:27,0.824880
20231206_500119080_15:28,0.868390
20231206_500119080_15:29,0.883654
20231206_500119080_15:30,0.845513
20231206_500119080_15:31,0.792180
20231206_500119080_15:32,0.785994
20231206_500119080_15:33,0.784482
20231206_500119080_15:34,0.828744
20231206_500119080_15:35,0.947279
20231206_500119080_15:36,0.948949
20231206_500119080_15:37,0.947377
20231206_500119080_15:38,0.941832
20231206_500119080_15:39,0.953807
20231206_500119080_15:40,0.978259
20231206_500119080_15:41,0.986565
20231206_500119080_15:42,0.953907
20231206_500119080_15:43,0.885743
20231206_500119080_15:44,1.809488
20231206_500119080_15:45,1.795004
20231206_500119080_15:46,1.854887
20231206_500119080_15:47,1.946635
20231206_500119080_15:48,2.006790
20231206_500119080_15:49,1.998405
20231206_500119080_15:50,1.947419
20231206_500119080_15:51,1.901117
20231206_500119080_15:52,1.888930
20231206_500119080_15:53,1.895973
20231206_500119080_15:54,2.136878
20231206_500119080_15:55,2.072393
20231206_500119080_15:56,1.979963
20231206_500119080_15:57,1.912687
20231206_500119080_15:58,1.910887
20231206_500119080_15:59,1.966064
20231206_500119080_16:01,2.043770
20231206_500119080_16:02,2.008038
20231206_500119080_16:03,1.956087
20231206_500119080_16:04,1.668562
20231206_500119080_16:06,1.697706
20231206_500119080_16:07,1.696335
20231206_500119080_16:08,1.654558
20231206_500119080_16:09,1.608003
20231206_500119080_16:11,1.682106
20231206_500119080_16:12,1.794505
20231206_500119080_16:13,1.886354
20231206_500119080_16:14,1.916584
20231206_500119080_16:15,1.903978
20231206_500119080_16:16,1.863377
20231206_500119080_16:17,1.877758
20231206_500119080_16:18,1.902278
20231206_500119080_16:19,1.907537
20231206_500119080_16:21,1.808732
20231206_500119080_16:22,1.778824
20231206_500119080_16:23,1.774403
20231206_500119080_16:24,1.790323
20231206_500119080_16:25,1.816480
20231206_500119080_16:26,1.838180
20231206_500119080_16:27,1.802747
20231206_500119080_16:28,1.764625
20231206_500119080_16:29,1.748655
20231206_500119080_16:31,1.741889
20231206_500119080_16:32,1.726513
20231206_500119080_16:33,1.696063
20231206_500119080_16:34,1.665261
20231206_500119080_16:35,1.672259
20231206_500119080_16:36,1.690765
20231206_500119080_16:37,1.726584
20231206_500119080_16:38,1.771670
20231206_500119080_16:39,1.785966
20231206_500119080_16:41,1.715875
20231206_500119080_16:42,1.699863
20231206_500119080_16:43,1.686693
20231206_500119080_16:44,0.767316
20231206_500119080_16:45,0.763483
20231206_500119080_16:46,0.737575
20231206_500119080_16:48,0.686292
20231206_500119080_16:49,0.732740
20231206_500119080_16:51,0.836958
20231206_500119080_16:52,0.791514
20231206_500119080_16:53,0.706177
20231206_500119080_16:54,2.041991
20231206_500119080_16:55,2.113762
20231206_500119080_16:56,2.141391
20231206_500119080_16:57,2.124360
20231206_500119080_16:58,2.069290
20231206_500119080_16:59,2.024089
20231206_500119080_17:01,2.102924
20231206_500119080_17:02,2.171801
20231206_500119080_17:03,2.195332
20231206_500119080_17:04,2.155564
20231206_500119080_17:05,2.105986
20231206_500119080_17:06,2.086452
20231206_500119080_17:07,2.126434
20231206_500119080_17:08,2.195050
20231206_500119080_17:09,2.239800
20231206_500119080_17:11,2.244672
20231206_500119080_17:12,2.239625
20231206_500119080_17:13,2.257551
20231206_500119080_17:14,0.777387
20231206_500119080_17:15,0.850836
20231206_500119080_17:16,0.874453
20231206_500119080_17:17,0.832876
20231206_500119080_17:18,0.823443
20231206_500119080_17:19,0.812638
20231206_500119080_17:21,0.814725
20231206_500119080_17:22,0.815926
20231206_500119080_17:23,0.818430
20231206_500119080_17:24,0.801505
20231206_500119080_17:25,0.767578
20231206_500119080_17:26,0.733144
20231206_500119080_17:27,0.715929
20231206_500119080_17:28,0.720999
20231206_500119080_17:29,0.738062
20231206_500119080_17:31,0.782054
20231206_500119080_17:32,0.773856
20231206_500119080_17:34,1.593345
20231206_500119080_17:35,1.604174
20231206_500119080_17:36,1.542969
20231206_500119080_17:37,1.469643
20231206_500119080_17:38,1.421913
20231206_500119080_17:39,1.418734
20231206_500119080_17:41,1.489020
20231206_500119080_17:42,1.471210
20231206_500119080_17:43,1.403588
20231206_500119080_17:45,1.373832
20231206_500119080_17:46,1.402836
20231206_500119080_17:47,1.431386
20231206_500119080_17:48,1.434471
20231206_500119080_17:49,1.413059
20231206_500119080_17:51,1.409111
20231206_500119080_17:52,1.463223
20231206_500119080_17:53,1.546569
20231206_500119080_17:54,1.625047
20231206_500119080_17:55,1.657978
20231206_500119080_17:56,1.652772
20231206_500119080_17:57,1.676654
20231206_500119080_17:58,1.720711
20231206_500119080_17:59,1.765029
20231206_500119080_18:01,1.752920
20231206_500119080_18:02,1.700605
20231206_500119080_18:03,1.655776
20231206_500119080_18:04,1.639715
20231206_500119080_18:05,1.675932
20231206_500119080_18:06,1.718280
20231206_500119080_18:07,1.700081
20231206_500119080_18:08,1.629084
20231206_500119080_18:09,1.573862
20231206_500119080_18:10,1.563568
20231206_500119080_18:11,1.576084
20231206_500119080_18:12,1.603242
20231206_500119080_18:13,1.580410
20231206_500119080_18:14,0.825223
20231206_500119080_18:15,0.811738
20231206_500119080_18:16,0.786728
20231206_500119080_18:17,0.866374
20231206_500119080_18:18,0.974992
20231206_500119080_18:19,1.021327
20231206_500119080_18:21,0.924550
20231206_500119080_18:22,0.917030
20231206_500119080_18:23,0.987902
20231206_500119080_18:24,1.085091
20231206_500119080_18:25,1.245459
20231206_500119080_18:26,1.201855
20231206_500119080_18:27,1.119539
20231206_500119080_18:28,1.085568
20231206_500119080_18:29,1.147570
20231206_500119080_18:31,1.364850
20231206_500119080_18:32,1.369909
20231206_500119080_18:33,1.301701
20231206_500119080_18:34,2.183033
20231206_500119080_18:35,2.209623
20231206_500119080_18:36,2.267791
20231206_500119080_18:37,2.296623
20231206_500119080_18:38,2.264080
20231206_500119080_18:39,2.198555
20231206_500119080_18:40,2.164328
20231206_500119080_18:41,2.203100
20231206_500119080_18:42,2.295145
20231206_500119080_18:43,2.375879
20231206_500119080_18:44,2.392902
20231206_500119080_18:45,2.316483
20231206_500119080_18:46,2.269100
20231206_500119080_18:47,2.276257
20231206_500119080_18:48,2.336036
20231206_500119080_18:49,2.394132
20231206_500119080_18:50,2.394992
20231206_500119080_18:51,2.334389
20231206_500119080_18:52,2.264680
20231206_500119080_18:53,2.272470
20231206_500119080_18:54,2.305717
20231206_500119080_18:55,2.359684
20231206_500119080_18:56,2.383700
20231206_500119080_18:57,2.335326
20231206_500119080_18:58,2.250836
20231206_500119080_18:59,2.194871
20231206_500119080_19:01,2.238312
20231206_500119080_19:02,2.250175
20231206_500119080_19:03,2.199509
20231206_500119080_19:04,2.107246
20231206_500119080_19:05,2.053324
20231206_500119080_19:06,2.073564
20231206_500119080_19:07,2.100317
20231206_500119080_19:08,2.142396
20231206_500119080_19:09,2.129774
20231206_500119080_19:10,2.074183
20231206_500119080_19:11,2.020636
20231206_500119080_19:12,2.000892
20231206_500119080_19:14,2.024890
20231206_500119080_19:16,1.985068
20231206_500119080_19:17,1.955134
20231206_500119080_19:18,1.953234
20231206_500119080_19:19,1.997734
20231206_500119080_19:21,2.029055
20231206_500119080_19:22,2.005350
20231206_500119080_19:23,1.944712
20231206_500119080_19:25,1.875591
20231206_500119080_19:26,1.911336
20231206_500119080_19:27,1.929731
20231206_500119080_19:28,1.900626
20231206_500119080_19:29,1.841024
20231206_500119080_19:31,1.840675
20231206_500119080_19:32,1.930219
20231206_500119080_19:33,2.001668
20231206_500119080_19:34,2.047467
20231206_500119080_19:35,2.204784
20231206_500119080_19:36,2.189283
20231206_500119080_19:37,2.202912
20231206_500119080_19:38,2.246997
20231206_500119080_19:39,2.286198
20231206_500119080_19:40,2.283554
20231206_500119080_19:41,2.237560
20231206_500119080_19:42,2.196187
20231206_500119080_19:43,2.212487
20231206_500119080_19:44,2.232767
20231206_500119080_19:45,2.185662
20231206_500119080_19:46,2.204976
20231206_500119080_19:48,2.099626
20231206_500119080_19:49,2.045151
20231206_500119080_19:50,2.031566
20231206_500119080_19:51,2.038998
20231206_500119080_19:52,2.032473
20231206_500119080_19:53,1.990303
20231206_500119080_19:54,1.923733
20231206_500119080_19:55,1.876701
20231206_500119080_19:57,1.946921
20231206_500119080_19:59,2.020847
20231206_500119080_20:01,1.923318
20231206_500119080_20:02,1.895569
20231206_500119080_20:03,1.903386
20231206_500119080_20:04,1.915378
20231206_500119080_20:05,1.892812
20231206_500119080_20:07,1.757817
20231206_500119080_20:08,1.726601
20231206_500119080_20:09,1.745226
20231206_500119080_20:10,1.793072
20231206_500119080_20:11,1.830772
20231206_500119080_20:12,1.828705
20231206_500119080_20:13,1.776260
20231206_500119080_20:14,1.730953
20231206_500119080_20:15,1.726879
20231206_500119080_20:16,1.751501
20231206_500119080_20:17,1.795045
20231206_500119080_20:18,1.797021
20231206_500119080_20:19,1.743728
20231206_500119080_20:21,1.780114
20231206_500119080_20:22,1.881470
20231206_500119080_20:23,1.991996
20231206_500119080_20:24,2.063719
20231206_500119080_20:25,2.082779
20231206_500119080_20:26,2.077605
20231206_500119080_20:27,2.089530
20231206_500119080_20:28,2.133410
20231206_500119080_20:29,2.184553
20231206_500119080_20:31,2.176034
20231206_500119080_20:32,2.128461
20231206_500119080_20:33,2.106871
20231206_500119080_20:34,2.135263
20231206_500119080_20:35,2.153052
20231206_500119080_20:36,2.192288
20231206_500119080_20:37,2.178885
20231206_500119080_20:38,2.121532
20231206_500119080_20:39,2.061933
20231206_500119080_20:40,2.036198
20231206_500119080_20:41,2.043106
20231206_500119080_20:42,2.048195
20231206_500119080_20:43,2.019355
20231206_500119080_20:44,1.960317
20231206_500119080_20:45,1.950422
20231206_500119080_20:46,1.949840
20231206_500119080_20:47,2.003273
20231206_500119080_20:48,2.069753
20231206_500119080_20:49,2.102546
20231206_500119080_20:50,2.081757
20231206_500119080_20:51,2.031931
20231206_500119080_20:52,1.995830
20231206_500119080_20:53,1.994087
20231206_500119080_20:54,2.007168
20231206_500119080_20:55,1.995938
20231206_500119080_20:57,1.865286
20231206_500119080_20:58,1.814184
20231206_500119080_20:59,1.821927
20231206_500119080_21:01,1.931088
20231206_500119080_21:02,1.928819
20231206_500119080_21:03,1.888175
20231206_500119080_21:04,1.845072
20231206_500119080_21:05,1.867948
20231206_500119080_21:06,1.877679
20231206_500119080_21:07,1.886425
20231206_500119080_21:08,1.872223
20231206_500119080_21:09,1.843026
20231206_500119080_21:10,1.832753
20231206_500119080_21:11,1.870961
20231206_500119080_21:12,1.953744
20231206_500119080_21:13,2.043043
20231206_500119080_21:15,2.217673
20231206_500119080_21:16,2.208660
20231206_500119080_21:17,2.206848
20231206_500119080_21:18,2.237006
20231206_500119080_21:19,2.283927
20231206_500119080_21:21,2.285756
20231206_500119080_21:22,2.232774
20231206_500119080_21:23,2.194078
20231206_500119080_21:24,2.203117
20231206_500119080_21:25,2.251203
20231206_500119080_21:26,2.293965
20231206_500119080_21:27,2.289658
20231206_500119080_21:28,2.234876
20231206_500119080_21:29,2.174399
20231206_500119080_21:30,2.140240
20231206_500119080_21:31,2.130169
20231206_500119080_21:32,2.123603
20231206_500119080_21:33,2.100326
20231206_500119080_21:34,2.041865
20231206_500119080_21:35,1.987460
20231206_500119080_21:36,1.978761
20231206_500119080_21:37,2.024951
20231206_500119080_21:38,2.083025
20231206_500119080_21:39,2.111583
20231206_500119080_21:40,2.100663
20231206_500119080_21:41,2.044699
20231206_500119080_21:42,1.996701
20231206_500119080_21:43,1.985632
20231206_500119080_21:44,1.998936
20231206_500119080_21:45,1.883021
20231206_500119080_21:46,1.872051
20231206_500119080_21:47,1.805505
20231206_500119080_21:48,1.737998
20231206_500119080_21:49,1.755984
20231206_500119080_21:50,1.838831
20231206_500119080_21:51,1.930381
20231206_500119080_21:52,1.973664
20231206_500119080_21:53,1.951711
20231206_500119080_21:54,1.900379
20231206_500119080_21:55,1.874359
20231206_500119080_21:56,1.897786
20231206_500119080_21:57,1.944594
20231206_500119080_21:58,1.966009
20231206_500119080_21:59,1.939018
20231206_500119080_22:01,1.873342
20231206_500119080_22:02,1.918386
20231206_500119080_22:03,2.003090
20231206_500119080_22:04,2.069710
20231206_500119080_22:05,2.036706
20231206_500119080_22:06,2.010178
20231206_500119080_22:07,1.996132
20231206_500119080_22:08,2.007087
20231206_500119080_22:09,2.046613
20231206_500119080_22:10,2.084611
20231206_500119080_22:11,2.078685
20231206_500119080_22:12,2.033934
20231206_500119080_22:13,2.002788
20231206_500119080_22:14,2.039659
20231206_500119080_22:15,2.115189
20231206_500119080_22:16,2.182460
20231206_500119080_22:17,2.205296
20231206_500119080_22:18,2.177082
20231206_500119080_22:19,2.126405
20231206_500119080_22:21,2.079102
20231206_500119080_22:22,2.085851
20231206_500119080_22:23,2.092893
20231206_500119080_22:24,2.050231
20231206_500119080_22:25,1.980953
20231206_500119080_22:26,1.936148
20231206_500119080_22:27,1.973783
20231206_500119080_22:28,2.034320
20231206_500119080_22:29,2.072743
20231206_500119080_22:30,2.061106
20231206_500119080_22:31,2.004366
20231206_500119080_22:32,1.944651
20231206_500119080_22:34,1.906793
20231206_500119080_22:35,1.938208
20231206_500119080_22:36,1.931245
20231206_500119080_22:38,1.839463
20231206_500119080_22:39,1.844590
20231206_500119080_22:41,1.997811
20231206_500119080_22:42,2.049707
20231206_500119080_22:43,2.035283
20231206_500119080_22:45,2.009129
20231206_500119080_22:46,2.011808
20231206_500119080_22:47,2.048873
20231206_500119080_22:48,2.072919
20231206_500119080_22:49,2.050032
20231206_500119080_22:51,1.955886
20231206_500119080_22:52,1.976418
20231206_500119080_22:53,2.047683
20231206_500119080_22:55,2.171929
20231206_500119080_22:56,2.126659
20231206_500119080_22:57,2.095653
20231206_500119080_22:58,2.087824
20231206_500119080_22:59,2.102453
20231206_500119080_23:01,2.129283
20231206_500119080_23:03,2.039118
20231206_500119080_23:05,2.094623
20231206_500119080_23:06,2.179712
20231206_500119080_23:07,2.235842
20231206_500119080_23:08,2.224319
20231206_500119080_23:09,2.161808
20231206_500119080_23:11,2.085449
20231206_500119080_23:12,2.106231
20231206_500119080_23:13,2.118933
20231206_500119080_23:14,2.085353
20231206_500119080_23:15,1.974634
20231206_500119080_23:16,1.911569
20231206_500119080_23:17,1.903493
20231206_500119080_23:18,1.950066
20231206_500119080_23:19,2.002925
20231206_500119080_23:21,1.948693
20231206_500119080_23:22,1.866081
20231206_500119080_23:23,1.814403
20231206_500119080_23:25,1.936704
20231206_500119080_23:26,1.956434
20231206_500119080_23:27,1.912002
20231206_500119080_23:28,1.834897
20231206_500119080_23:29,1.817022
20231206_500119080_23:31,1.948363
20231206_500119080_23:32,2.013176
20231206_500119080_23:33,2.014838
20231206_500119080_23:34,1.962711
20231206_500119080_23:35,1.869569
20231206_500119080_23:36,1.857421
20231206_500119080_23:37,1.888113
20231206_500119080_23:38,1.919199
20231206_500119080_23:39,1.908460
20231206_500119080_23:41,1.806722
20231206_500119080_23:42,1.808984
20231206_500119080_23:44,1.944479
20231206_500119080_23:45,1.975019
20231206_500119080_23:47,1.898287
20231206_500119080_23:48,1.900541
20231206_500119080_23:49,1.940909
20231207_500119080_00:00,0.899554
20231207_500119080_00:02,0.904920
20231207_500119080_00:03,0.939290
20231207_500119080_00:04,0.980859
20231207_500119080_00:05,0.982265
20231207_500119080_00:06,0.968130
20231207_500119080_00:07,0.941529
20231207_500119080_00:08,0.918588
20231207_500119080_00:09,0.926230
20231207_500119080_00:11,0.945032
20231207_500119080_00:12,0.924350
20231207_500119080_00:13,0.909204
20231207_500119080_00:14,0.942678
20231207_500119080_00:15,1.054027
20231207_500119080_00:16,1.150065
20231207_500119080_00:17,1.227343
20231207_500119080_00:18,1.254800
20231207_500119080_00:19,1.255202
20231207_500119080_00:22,1.333464
20231207_500119080_00:23,1.378693
20231207_500119080_00:24,1.381846
20231207_500119080_00:25,1.387762
20231207_500119080_00:26,1.417075
20231207_500119080_00:27,1.454943
20231207_500119080_00:28,1.499396
20231207_500119080_00:29,1.524022
20231207_500119080_00:30,1.529831
20231207_500119080_00:31,1.528361
20231207_500119080_00:32,1.501377
20231207_500119080_00:33,1.476238
20231207_500119080_00:34,1.465858
20231207_500119080_00:35,1.477746
20231207_500119080_00:36,1.469112
20231207_500119080_00:37,1.439261
20231207_500119080_00:38,1.406670
20231207_500119080_00:39,1.400158
20231207_500119080_00:40,1.424082
20231207_500119080_00:41,1.481129
20231207_500119080_00:42,1.512035
20231207_500119080_00:43,1.492814
20231207_500119080_00:44,1.446046
20231207_500119080_00:45,1.344334
20231207_500119080_00:46,1.301630
20231207_500119080_00:47,1.289562
20231207_500119080_00:48,1.289411
20231207_500119080_00:49,1.262647
20231207_500119080_00:50,1.203461
20231207_500119080_00:51,1.148847
20231207_500119080_00:52,1.169585
20231207_500119080_00:53,1.205335
20231207_500119080_00:54,1.258151
20231207_500119080_00:55,1.304114
20231207_500119080_00:56,1.294062
20231207_500119080_00:57,1.279463
20231207_500119080_00:58,1.251052
20231207_500119080_00:59,1.248482
20231207_500119080_01:00,1.262179
20231207_500119080_01:01,1.268908
20231207_500119080_01:02,1.257801
20231207_500119080_01:03,1.243898
20231207_500119080_01:04,1.255791
20231207_500119080_01:05,1.302761
20231207_500119080_01:06,1.379979
20231207_500119080_01:07,1.444921
20231207_500119080_01:08,1.466395
20231207_500119080_01:09,1.450475
20231207_500119080_01:10,1.423692
20231207_500119080_01:11,1.423574
20231207_500119080_01:12,1.455859
20231207_500119080_01:13,1.501284
20231207_500119080_01:14,1.511160
20231207_500119080_01:15,1.548934
20231207_500119080_01:16,1.497005
20231207_500119080_01:17,1.478684
20231207_500119080_01:18,1.523105
20231207_500119080_01:19,1.593452
20231207_500119080_01:21,1.593912
20231207_500119080_01:22,1.565177
20231207_500119080_01:23,1.526995
20231207_500119080_01:24,1.509214
20231207_500119080_01:25,1.545084
20231207_500119080_01:26,1.532920
20231207_500119080_01:27,1.499686
20231207_500119080_01:28,1.457534
20231207_500119080_01:29,1.435195
20231207_500119080_01:30,1.451275
20231207_500119080_01:31,1.494513
20231207_500119080_01:32,1.522635
20231207_500119080_01:33,1.501412
20231207_500119080_01:34,1.462171
20231207_500119080_01:35,1.457016
20231207_500119080_01:36,1.418202
20231207_500119080_01:37,1.409568
20231207_500119080_01:38,1.406788
20231207_500119080_01:39,1.386041
20231207_500119080_01:40,1.316189
20231207_500119080_01:42,1.290250
20231207_500119080_01:43,1.337241
20231207_500119080_01:44,1.381771
20231207_500119080_01:45,1.441376
20231207_500119080_01:46,1.432368
20231207_500119080_01:47,1.419251
20231207_500119080_01:48,1.422646
20231207_500119080_01:49,1.424832
20231207_500119080_01:51,1.450312
20231207_500119080_01:52,1.423478
20231207_500119080_01:53,1.417987
20231207_500119080_01:54,1.447575
20231207_500119080_01:55,1.549610
20231207_500119080_01:56,1.621631
20231207_500119080_01:57,1.674900
20231207_500119080_01:58,1.700913
20231207_500119080_01:59,1.712356
20231207_500119080_02:01,1.753077
20231207_500119080_02:02,1.777007
20231207_500119080_02:04,1.775073
20231207_500119080_02:05,1.694641
20231207_500119080_02:06,1.679128
20231207_500119080_02:07,1.714134
20231207_500119080_02:08,1.786471
20231207_500119080_02:09,1.816795
20231207_500119080_02:10,1.842517
20231207_500119080_02:12,1.833682
20231207_500119080_02:13,1.836991
20231207_500119080_02:14,1.831851
20231207_500119080_02:16,1.868905
20231207_500119080_02:17,1.826613
20231207_500119080_02:18,1.787645
20231207_500119080_02:19,1.775284
20231207_500119080_02:22,1.833711
20231207_500119080_02:23,1.815375
20231207_500119080_02:24,1.769039
20231207_500119080_02:25,1.725976
20231207_500119080_02:26,1.680451
20231207_500119080_02:27,1.656477
20231207_500119080_02:28,1.653388
20231207_500119080_02:29,1.600264
20231207_500119080_02:30,1.564512
20231207_500119080_02:32,1.625407
20231207_500119080_02:33,1.669224
20231207_500119080_02:34,1.672927
20231207_500119080_02:35,1.676555
20231207_500119080_02:36,1.621785
20231207_500119080_02:37,1.583081
20231207_500119080_02:38,1.582451
20231207_500119080_02:39,1.602527
20231207_500119080_02:41,1.608479
20231207_500119080_02:42,1.585170
20231207_500119080_02:43,1.565424
20231207_500119080_02:44,1.591333
20231207_500119080_02:45,1.748814
20231207_500119080_02:46,1.806121
20231207_500119080_02:47,1.819071
20231207_500119080_02:48,1.824491
20231207_500119080_02:49,1.830746
20231207_500119080_02:51,1.779297
20231207_500119080_02:52,1.774491
20231207_500119080_02:53,1.796334
20231207_500119080_02:54,1.830992
20231207_500119080_02:55,1.824635
20231207_500119080_02:56,1.840050
20231207_500119080_02:57,1.889235
20231207_500119080_02:59,1.958669
20231207_500119080_03:00,1.940663
20231207_500119080_03:01,1.881139
20231207_500119080_03:02,1.840914
20231207_500119080_03:03,1.819466
20231207_500119080_03:05,1.800658
20231207_500119080_03:06,1.812020
20231207_500119080_03:08,1.733711
20231207_500119080_03:09,1.706762
20231207_500119080_03:10,1.725908
20231207_500119080_03:12,1.750742
20231207_500119080_03:14,1.703599
20231207_500119080_03:15,1.744539
20231207_500119080_03:16,1.721022
20231207_500119080_03:17,1.713872
20231207_500119080_03:18,1.699712
20231207_500119080_03:19,1.657665
20231207_500119080_03:22,1.570088
20231207_500119080_03:24,1.635626
20231207_500119080_03:25,1.612879
20231207_500119080_03:26,1.612109
20231207_500119080_03:27,1.594366
20231207_500119080_03:28,1.583871
20231207_500119080_03:29,1.597694
20231207_500119080_03:31,1.628867
20231207_500119080_03:32,1.617959
20231207_500119080_03:33,1.604217
20231207_500119080_03:35,1.620061
20231207_500119080_03:37,1.750525
20231207_500119080_03:39,1.801126
20231207_500119080_03:40,1.806990
20231207_500119080_03:42,1.844582
20231207_500119080_03:43,1.880836
20231207_500119080_03:44,1.898469
20231207_500119080_03:45,1.924488
20231207_500119080_03:46,1.948303
20231207_500119080_03:47,1.989987
20231207_500119080_03:48,2.041015
20231207_500119080_03:49,2.081322
20231207_500119080_03:50,2.072038
20231207_500119080_03:52,1.999538
20231207_500119080_03:53,1.990090
20231207_500119080_03:54,1.992483
20231207_500119080_03:55,1.984683
20231207_500119080_03:56,1.972494
20231207_500119080_03:57,1.935643
20231207_500119080_03:58,1.888446
20231207_500119080_03:59,1.863314
20231207_500119080_04:00,1.909513
20231207_500119080_04:02,1.939685
20231207_500119080_04:04,1.863684
20231207_500119080_04:05,1.858561
20231207_500119080_04:06,1.819300
20231207_500119080_04:07,1.803167
20231207_500119080_04:08,1.793788
20231207_500119080_04:09,1.766829
20231207_500119080_04:10,1.711416
20231207_500119080_04:11,1.645144
20231207_500119080_04:12,1.637863
20231207_500119080_04:13,1.657354
20231207_500119080_04:14,1.672996
20231207_500119080_04:15,1.683315
20231207_500119080_04:16,1.672009
20231207_500119080_04:17,1.655913
20231207_500119080_04:18,1.644075
20231207_500119080_04:19,1.647998
20231207_500119080_04:21,1.661339
20231207_500119080_04:22,1.642183
20231207_500119080_04:23,1.613766
20231207_500119080_04:24,1.601237
20231207_500119080_04:25,1.617845
20231207_500119080_04:26,1.667630
20231207_500119080_04:27,1.720664
20231207_500119080_04:28,1.769428
20231207_500119080_04:29,1.817160
20231207_500119080_04:30,1.839266
20231207_500119080_04:31,1.857013
20231207_500119080_04:32,1.886182
20231207_500119080_04:33,1.925096
20231207_500119080_04:34,1.962492
20231207_500119080_04:35,2.026194
20231207_500119080_04:36,1.978973
20231207_500119080_04:37,1.934615
20231207_500119080_04:38,1.922570
20231207_500119080_04:39,1.943655
20231207_500119080_04:40,1.970619
20231207_500119080_04:41,1.973121
20231207_500119080_04:42,1.944303
20231207_500119080_04:43,1.905025
20231207_500119080_04:44,1.882508
20231207_500119080_04:45,1.869719
20231207_500119080_04:46,1.877718
20231207_500119080_04:47,1.873429
20231207_500119080_04:48,1.821911
20231207_500119080_04:49,1.760579
20231207_500119080_04:50,1.724313
20231207_500119080_04:51,1.724205
20231207_500119080_04:52,1.765610
20231207_500119080_04:53,1.794526
20231207_500119080_04:54,1.793429
20231207_500119080_04:55,1.847356
20231207_500119080_04:56,1.821497
20231207_500119080_04:57,1.800214
20231207_500119080_04:58,1.800232
20231207_500119080_04:59,1.813507
20231207_500119080_05:00,1.778688
20231207_500119080_05:01,1.724741
20231207_500119080_05:02,1.678416
20231207_500119080_05:03,1.622518
20231207_500119080_05:04,1.618287
20231207_500119080_05:05,1.600523
20231207_500119080_05:06,1.613626
20231207_500119080_05:07,1.603823
20231207_500119080_05:08,1.589569
20231207_500119080_05:09,1.595132
20231207_500119080_05:10,1.603225
20231207_500119080_05:11,1.623042
20231207_500119080_05:12,1.635757
20231207_500119080_05:13,1.619480
20231207_500119080_05:14,1.599498
20231207_500119080_05:15,1.598764
20231207_500119080_05:16,1.645268
20231207_500119080_05:17,1.735509
20231207_500119080_05:18,1.813036
20231207_500119080_05:19,1.873814
20231207_500119080_05:21,1.922534
20231207_500119080_05:23,1.967574
20231207_500119080_05:24,2.020442
20231207_500119080_05:25,2.006695
20231207_500119080_05:26,1.973950
20231207_500119080_05:28,1.921122
20231207_500119080_05:29,1.959824
20231207_500119080_05:31,1.989479
20231207_500119080_05:32,1.974263
20231207_500119080_05:33,1.947931
20231207_500119080_05:34,1.929014
20231207_500119080_05:35,1.903375
20231207_500119080_05:37,1.902233
20231207_500119080_05:38,1.879265
20231207_500119080_05:39,1.822232
20231207_500119080_05:41,1.805113
20231207_500119080_05:42,1.855284
20231207_500119080_05:43,1.891618
20231207_500119080_05:44,1.897882
20231207_500119080_05:45,1.826613
20231207_500119080_05:46,1.779428
20231207_500119080_05:47,1.734597
20231207_500119080_05:48,1.726790
20231207_500119080_05:49,1.741640
20231207_500119080_05:51,1.697353
20231207_500119080_05:53,1.672133
20231207_500119080_05:54,1.716148
20231207_500119080_05:55,1.769742
20231207_500119080_05:56,1.766906
20231207_500119080_05:57,1.757993
20231207_500119080_05:58,1.721825
20231207_500119080_05:59,1.678019
20231207_500119080_06:01,1.674644
20231207_500119080_06:02,1.691703
20231207_500119080_06:03,1.683001
20231207_500119080_06:04,1.654383
20231207_500119080_06:05,1.675110
20231207_500119080_06:07,1.776002
20231207_500119080_06:08,1.867589
20231207_500119080_06:09,1.929661
20231207_500119080_06:11,1.949194
20231207_500119080_06:12,1.940930
20231207_500119080_06:13,1.966293
20231207_500119080_06:14,2.015839
20231207_500119080_06:15,2.129992
20231207_500119080_06:16,2.117515
20231207_500119080_06:17,2.068232
20231207_500119080_06:18,2.038371
20231207_500119080_06:19,2.059972
20231207_500119080_06:21,2.130593
20231207_500119080_06:22,2.138889
20231207_500119080_06:23,2.093147
20231207_500119080_06:25,1.983605
20231207_500119080_06:26,1.981874
20231207_500119080_06:27,1.995789
20231207_500119080_06:28,1.983653
20231207_500119080_06:29,1.934359
20231207_500119080_06:31,1.843477
20231207_500119080_06:32,1.872009
20231207_500119080_06:33,1.938299
20231207_500119080_06:35,1.986132
20231207_500119080_06:36,1.939043
20231207_500119080_06:37,1.889965
20231207_500119080_06:38,1.874701
20231207_500119080_06:39,1.890144
20231207_500119080_06:41,1.867817
20231207_500119080_06:42,1.800284
20231207_500119080_06:43,1.738006
20231207_500119080_06:44,1.723705
20231207_500119080_06:45,1.758119
20231207_500119080_06:46,1.808305
20231207_500119080_06:47,1.831706
20231207_500119080_06:49,1.769353
20231207_500119080_06:51,1.749319
20231207_500119080_06:52,1.768798
20231207_500119080_06:53,1.789151
20231207_500119080_06:54,1.781689
20231207_500119080_06:55,1.759835
20231207_500119080_06:56,1.767810
20231207_500119080_06:57,1.834676
20231207_500119080_06:59,2.053075
20231207_500119080_07:01,2.125632
20231207_500119080_07:02,2.123904
20231207_500119080_07:03,2.146596
20231207_500119080_07:04,2.198422
20231207_500119080_07:05,2.207505
20231207_500119080_07:06,2.217386
20231207_500119080_07:07,2.183573
20231207_500119080_07:08,2.140934
20231207_500119080_07:09,2.133734
20231207_500119080_07:10,2.175608
20231207_500119080_07:11,2.236144
20231207_500119080_07:12,2.266711
20231207_500119080_07:13,2.242471
20231207_500119080_07:14,2.182768
20231207_500119080_07:15,2.048302
20231207_500119080_07:16,2.035065
20231207_500119080_07:17,2.047996
20231207_500119080_07:18,2.049293
20231207_500119080_07:19,2.013539
20231207_500119080_07:21,1.928417
20231207_500119080_07:22,1.944686
20231207_500119080_07:24,2.062734
20231207_500119080_07:25,2.004760
20231207_500119080_07:26,1.975729
20231207_500119080_07:27,1.928162
20231207_500119080_07:28,1.902817
20231207_500119080_07:29,1.910563
20231207_500119080_07:31,1.904664
20231207_500119080_07:32,1.843741
20231207_500119080_07:33,1.772184
20231207_500119080_07:35,1.540370
20231207_500119080_07:36,1.606332
20231207_500119080_07:37,1.643625
20231207_500119080_07:38,1.632015
20231207_500119080_07:39,1.589541
20231207_500119080_07:40,1.553877
20231207_500119080_07:41,1.548246
20231207_500119080_07:42,1.563124
20231207_500119080_07:43,1.569827
20231207_500119080_07:44,1.552330
20231207_500119080_07:45,1.445951
20231207_500119080_07:46,1.448385
20231207_500119080_07:47,1.502085
20231207_500119080_07:48,1.593367
20231207_500119080_07:49,1.679491
20231207_500119080_07:50,1.734066
20231207_500119080_07:51,1.750600
20231207_500119080_07:52,1.742032
20231207_500119080_07:53,1.749864
20231207_500119080_07:54,1.789673
20231207_500119080_07:55,1.837369
20231207_500119080_07:56,1.853559
20231207_500119080_07:57,1.822934
20231207_500119080_07:58,1.771591
20231207_500119080_07:59,1.745520
20231207_500119080_08:01,0.962199
20231207_500119080_08:02,0.998694
20231207_500119080_08:03,0.982928
20231207_500119080_08:04,0.947968
20231207_500119080_08:05,0.899643
20231207_500119080_08:06,0.847059
20231207_500119080_08:07,0.834300
20231207_500119080_08:08,0.837268
20231207_500119080_08:09,0.806847
20231207_500119080_08:10,0.774221
20231207_500119080_08:11,0.735187
20231207_500119080_08:12,0.694131
20231207_500119080_08:13,0.741189
20231207_500119080_08:14,0.807726
20231207_500119080_08:15,0.476927
20231207_500119080_08:16,0.537816
20231207_500119080_08:17,0.570384
20231207_500119080_08:18,0.558047
20231207_500119080_08:19,0.530495
20231207_500119080_08:21,0.546434
20231207_500119080_08:22,0.537903
20231207_500119080_08:23,0.487100
20231207_500119080_08:24,0.420125
20231207_500119080_08:25,0.272060
20231207_500119080_08:26,0.257790
20231207_500119080_08:27,0.269066
20231207_500119080_08:28,0.273943
20231207_500119080_08:29,0.251936
20231207_500119080_08:31,0.204808
20231207_500119080_08:32,0.202340
20231207_500119080_08:33,0.223585
20231207_500119080_08:34,0.251421
20231207_500119080_08:35,0.077459
20231207_500119080_08:36,0.059820
20231207_500119080_08:37,0.061473
20231207_500119080_08:38,0.092117
20231207_500119080_08:39,0.151027
20231207_500119080_08:40,0.236038
20231207_500119080_08:41,0.308024
20231207_500119080_08:42,0.378187
20231207_500119080_08:43,0.414745
20231207_500119080_08:44,0.425827
20231207_500119080_08:45,0.376258
20231207_500119080_08:46,0.433336
20231207_500119080_08:47,0.454963
20231207_500119080_08:48,0.428204
20231207_500119080_08:49,0.373371
20231207_500119080_08:50,0.328203
20231207_500119080_08:51,0.316516
20231207_500119080_08:52,0.336798
20231207_500119080_08:53,0.352124
20231207_500119080_08:54,0.341568
20231207_500119080_08:56,0.180264
20231207_500119080_08:57,0.165147
20231207_500119080_08:58,0.146747
20231207_500119080_08:59,0.131994
20231207_500119080_09:01,0.116250
20231207_500119080_09:02,0.128604
20231207_500119080_09:03,0.153479
20231207_500119080_09:04,0.185434
20231207_500119080_09:05,0.177099
20231207_500119080_09:06,0.199582
20231207_500119080_09:07,0.206153
20231207_500119080_09:08,0.199136
20231207_500119080_09:09,0.186008
20231207_500119080_09:10,0.180446
20231207_500119080_09:11,0.166421
20231207_500119080_09:12,0.135196
20231207_500119080_09:13,0.087841
20231207_500119080_09:14,0.058626
20231207_500119080_09:15,0.041196
20231207_500119080_09:16,0.048000
20231207_500119080_09:17,0.059637
20231207_500119080_09:18,0.086828
20231207_500119080_09:19,0.097348
20231207_500119080_09:21,0.063117
20231207_500119080_09:22,0.075336
20231207_500119080_09:23,0.072292
20231207_500119080_09:24,0.082771
20231207_500119080_09:26,0.017557
20231207_500119080_09:27,0.036831
20231207_500119080_09:28,0.062069
20231207_500119080_09:29,0.063561
20231207_500119080_09:31,0.158106
20231207_500119080_09:32,0.206759
20231207_500119080_09:33,0.240998
20231207_500119080_09:35,0.203378
20231207_500119080_09:36,0.227738
20231207_500119080_09:38,0.188994
20231207_500119080_09:39,0.165462
20231207_500119080_09:40,0.136345
20231207_500119080_09:41,0.105408
20231207_500119080_09:43,0.136175
20231207_500119080_09:44,0.144685
20231207_500119080_09:46,0.169239
20231207_500119080_09:47,0.140329
20231207_500119080_09:48,0.203217
20231207_500119080_09:49,0.234560
20231207_500119080_09:50,0.228118
20231207_500119080_09:52,0.135121
20231207_500119080_09:53,0.107696
20231207_500119080_09:55,0.158109
20231207_500119080_09:57,0.239900
20231207_500119080_09:58,0.238120
20231207_500119080_09:59,0.200927
20231207_500119080_10:03,0.201789
20231207_500119080_10:05,0.016898
20231207_500119080_10:06,0.034209
20231207_500119080_10:07,0.007808
20231207_500119080_10:09,0.027233
20231207_500119080_10:10,0.001349
20231207_500119080_10:11,0.028737
20231207_500119080_10:12,0.003943
20231207_500119080_10:13,0.026459
20231207_500119080_10:15,0.091979
20231207_500119080_10:16,0.058819
20231207_500119080_10:17,0.014493
20231207_500119080_10:19,0.031429
20231207_500119080_10:21,0.152008
20231207_500119080_10:22,0.174116
20231207_500119080_10:23,0.171199
20231207_500119080_10:25,0.138775
20231207_500119080_10:26,0.205769
20231207_500119080_10:27,0.229964
20231207_500119080_10:28,0.211499
20231207_500119080_10:29,0.156429
20231207_500119080_10:31,0.080822
20231207_500119080_10:32,0.101713
20231207_500119080_10:33,0.134886
20231207_500119080_10:35,0.048091
20231207_500119080_10:36,0.027320
20231207_500119080_10:37,0.033614
20231207_500119080_10:39,0.024863
20231207_500119080_10:40,0.019766
20231207_500119080_10:41,0.004873
20231207_500119080_10:42,0.046821
20231207_500119080_10:43,0.086278
20231207_500119080_10:45,0.023162
20231207_500119080_10:46,0.025667
20231207_500119080_10:47,0.039398
20231207_500119080_10:48,0.049390
20231207_500119080_10:49,0.057744
20231207_500119080_10:51,0.133606
20231207_500119080_10:52,0.099072
20231207_500119080_10:53,0.059433
20231207_500119080_10:55,0.076952
20231207_500119080_10:56,0.086468
20231207_500119080_10:57,0.094295
20231207_500119080_10:58,0.129887
20231207_500119080_10:59,0.157708
20231207_500119080_11:01,0.073716
20231207_500119080_11:02,0.001740
20231207_500119080_11:03,0.037157
20231207_500119080_11:04,0.014520
20231207_500119080_11:05,0.033293
20231207_500119080_11:06,0.029683
20231207_500119080_11:07,0.036017
20231207_500119080_11:08,0.045805
20231207_500119080_11:09,0.052813
20231207_500119080_11:11,0.082706
20231207_500119080_11:12,0.128447
20231207_500119080_11:13,0.178329
20231207_500119080_11:14,0.186108
20231207_500119080_11:15,0.146183
20231207_500119080_11:16,0.195965
20231207_500119080_11:17,0.229121
20231207_500119080_11:18,0.206341
20231207_500119080_11:19,0.186384
20231207_500119080_11:21,0.133526
20231207_500119080_11:22,0.122075
20231207_500119080_11:23,0.111540
20231207_500119080_11:24,0.145817
20231207_500119080_11:25,0.218395
20231207_500119080_11:26,0.223506
20231207_500119080_11:27,0.219255
20231207_500119080_11:28,0.241381
20231207_500119080_11:29,0.270589
20231207_500119080_11:31,0.247563
20231207_500119080_11:32,0.216208
20231207_500119080_11:33,0.194254
20231207_500119080_11:34,0.185497
20231207_500119080_11:35,0.246664
20231207_500119080_11:36,0.310771
20231207_500119080_11:37,0.347545
20231207_500119080_11:38,0.349921
20231207_500119080_11:39,0.341326
20231207_500119080_11:41,0.392605
20231207_500119080_11:42,0.429837
20231207_500119080_11:43,0.433295
20231207_500119080_11:44,0.394551
20231207_500119080_11:45,0.319054
20231207_500119080_11:46,0.290080
20231207_500119080_11:47,0.306327
20231207_500119080_11:48,0.350970
20231207_500119080_11:49,0.386599
20231207_500119080_11:50,0.389055
20231207_500119080_11:51,0.367971
20231207_500119080_11:52,0.355668
20231207_500119080_11:53,0.375287
20231207_500119080_11:54,0.418081
20231207_500119080_11:55,0.311292
20231207_500119080_11:56,0.308963
20231207_500119080_11:57,0.278304
20231207_500119080_11:58,0.255369
20231207_500119080_11:59,0.274499
20231207_500119080_12:01,0.416094
20231207_500119080_12:02,0.470062
20231207_500119080_12:03,0.488327
20231207_500119080_12:04,0.465442
20231207_500119080_12:05,0.548292
20231207_500119080_12:06,0.613120
20231207_500119080_12:07,0.701356
20231207_500119080_12:08,0.718420
20231207_500119080_12:09,0.690730
20231207_500119080_12:10,0.637066
20231207_500119080_12:11,0.576097
20231207_500119080_12:12,0.597793
20231207_500119080_12:13,0.662213
20231207_500119080_12:14,0.697593
20231207_500119080_12:15,0.576536
20231207_500119080_12:16,0.538512
20231207_500119080_12:17,0.532046
20231207_500119080_12:18,0.549770
20231207_500119080_12:19,0.587749
20231207_500119080_12:21,0.614346
20231207_500119080_12:22,0.574726
20231207_500119080_12:23,0.527657
20231207_500119080_12:24,0.513940
20231207_500119080_12:25,0.523829
20231207_500119080_12:26,0.568668
20231207_500119080_12:27,0.606656
20231207_500119080_12:28,0.622268
20231207_500119080_12:29,0.623932
20231207_500119080_12:31,0.687454
20231207_500119080_12:32,0.737055
20231207_500119080_12:33,0.727902
20231207_500119080_12:34,0.727808
20231207_500119080_12:35,0.751320
20231207_500119080_12:36,0.740613
20231207_500119080_12:37,0.679192
20231207_500119080_12:38,0.592062
20231207_500119080_12:39,0.547420
20231207_500119080_12:40,0.560388
20231207_500119080_12:41,0.598206
20231207_500119080_12:42,0.642178
20231207_500119080_12:43,0.652915
20231207_500119080_12:44,0.675203
20231207_500119080_12:45,0.660892
20231207_500119080_12:46,0.647143
20231207_500119080_12:47,0.642437
20231207_500119080_12:48,0.599710
20231207_500119080_12:49,0.571374
20231207_500119080_12:50,0.570769
20231207_500119080_12:51,0.604552
20231207_500119080_12:52,0.635078
20231207_500119080_12:53,0.643605
20231207_500119080_12:54,0.638377
20231207_500119080_12:55,0.691056
20231207_500119080_12:56,0.720595
20231207_500119080_12:57,0.760801
20231207_500119080_12:58,0.780101
20231207_500119080_12:59,0.756493
20231207_500119080_13:01,0.708134
20231207_500119080_13:02,0.656992
20231207_500119080_13:03,0.664764
20231207_500119080_13:04,0.743892
20231207_500119080_13:05,0.734580
20231207_500119080_13:06,0.662903
20231207_500119080_13:07,0.574088
20231207_500119080_13:08,0.558556
20231207_500119080_13:09,0.595863
20231207_500119080_13:10,0.671663
20231207_500119080_13:11,0.693984
20231207_500119080_13:12,0.634261
20231207_500119080_13:13,0.541712
20231207_500119080_13:14,0.499678
20231207_500119080_13:15,0.567946
20231207_500119080_13:16,0.673875
20231207_500119080_13:17,0.746795
20231207_500119080_13:18,0.751640
20231207_500119080_13:19,0.694538
20231207_500119080_13:21,0.699169
20231207_500119080_13:22,0.758449
20231207_500119080_13:23,0.769035
20231207_500119080_13:24,0.737284
20231207_500119080_13:25,0.648748
20231207_500119080_13:26,0.587509
20231207_500119080_13:27,0.565054
20231207_500119080_13:28,0.584190
20231207_500119080_13:29,0.614691
20231207_500119080_13:31,0.594862
20231207_500119080_13:32,0.559022
20231207_500119080_13:33,0.545923
20231207_500119080_13:34,0.564943
20231207_500119080_13:35,0.563900
20231207_500119080_13:36,0.567411
20231207_500119080_13:37,0.534210
20231207_500119080_13:38,0.487551
20231207_500119080_13:39,0.467256
20231207_500119080_13:40,0.495303
20231207_500119080_13:41,0.556732
20231207_500119080_13:42,0.613046
20231207_500119080_13:43,0.635747
20231207_500119080_13:44,0.629483
20231207_500119080_13:45,0.700990
20231207_500119080_13:46,0.713903
20231207_500119080_13:47,0.794594
20231207_500119080_13:48,0.827259
20231207_500119080_13:49,0.810123
20231207_500119080_13:50,0.735230
20231207_500119080_13:51,0.719088
20231207_500119080_13:52,0.694578
20231207_500119080_13:53,0.689969
20231207_500119080_13:54,0.725217
20231207_500119080_13:55,0.590376
20231207_500119080_13:56,0.564756
20231207_500119080_13:57,0.481038
20231207_500119080_13:58,0.417603
20231207_500119080_13:59,0.436786
20231207_500119080_14:01,0.522988
20231207_500119080_14:02,0.478862
20231207_500119080_14:03,0.368769
20231207_500119080_14:04,0.301166
20231207_500119080_14:05,0.351463
20231207_500119080_14:06,0.459376
20231207_500119080_14:07,0.495441
20231207_500119080_14:08,0.505730
20231207_500119080_14:09,0.471618
20231207_500119080_14:11,0.426128
20231207_500119080_14:12,0.490473
20231207_500119080_14:13,0.507538
20231207_500119080_14:14,0.485863
20231207_500119080_14:15,0.471677
20231207_500119080_14:16,0.414784
20231207_500119080_14:17,0.401048
20231207_500119080_14:18,0.412587
20231207_500119080_14:19,0.446152
20231207_500119080_14:21,0.449006
20231207_500119080_14:22,0.416501
20231207_500119080_14:23,0.400002
20231207_500119080_14:24,0.417180
20231207_500119080_14:25,0.497363
20231207_500119080_14:26,0.516987
20231207_500119080_14:27,0.500317
20231207_500119080_14:28,0.461798
20231207_500119080_14:29,0.440092
20231207_500119080_14:31,0.557683
20231207_500119080_14:32,0.617156
20231207_500119080_14:33,0.647880
20231207_500119080_14:34,0.659175
20231207_500119080_14:35,0.586164
20231207_500119080_14:36,0.594552
20231207_500119080_14:37,0.681021
20231207_500119080_14:38,0.737950
20231207_500119080_14:39,0.747967
20231207_500119080_14:41,0.669804
20231207_500119080_14:42,0.650277
20231207_500119080_14:43,0.674594
20231207_500119080_14:44,0.723463
20231207_500119080_14:45,0.782510
20231207_500119080_14:46,0.782933
20231207_500119080_14:47,0.769516
20231207_500119080_14:48,0.746540
20231207_500119080_14:49,0.763908
20231207_500119080_14:51,0.824665
20231207_500119080_14:52,0.810766
20231207_500119080_14:53,0.769238
20231207_500119080_14:54,0.737380
20231207_500119080_14:55,0.816246
20231207_500119080_14:56,0.870093
20231207_500119080_14:57,0.934493
20231207_500119080_14:58,0.973138
20231207_500119080_14:59,1.006093
20231207_500119080_15:01,0.978681
20231207_500119080_15:02,1.014984
20231207_500119080_15:03,1.052876
20231207_500119080_15:04,1.058596
20231207_500119080_15:05,1.044858
20231207_500119080_15:06,0.989976
20231207_500119080_15:07,0.958021
20231207_500119080_15:08,0.971099
20231207_500119080_15:09,1.014512
20231207_500119080_15:11,1.055226
20231207_500119080_15:12,1.034196
20231207_500119080_15:13,1.019848
20231207_500119080_15:14,1.036795
20231207_500119080_15:15,1.148332
20231207_500119080_15:16,1.182406
20231207_500119080_15:17,1.181807
20231207_500119080_15:18,1.151365
20231207_500119080_15:19,1.126060
20231207_500119080_15:21,1.202437
20231207_500119080_15:22,1.279700
20231207_500119080_15:23,1.335064
20231207_500119080_15:24,1.354389
20231207_500119080_15:25,1.355095
20231207_500119080_15:26,1.372531
20231207_500119080_15:27,1.416093
20231207_500119080_15:28,1.464630
20231207_500119080_15:29,1.483424
20231207_500119080_15:31,1.406503
20231207_500119080_15:32,1.384488
20231207_500119080_15:33,1.379269
20231207_500119080_15:34,1.418825
20231207_500119080_15:35,1.501124
20231207_500119080_15:36,1.503684
20231207_500119080_15:37,1.476036
20231207_500119080_15:38,1.450760
20231207_500119080_15:39,1.429278
20231207_500119080_15:41,1.493786
20231207_500119080_15:42,1.480026
20231207_500119080_15:43,1.432096
20231207_500119080_15:44,1.401843
20231207_500119080_15:45,1.453863
20231207_500119080_15:46,1.486366
20231207_500119080_15:47,1.527842
20231207_500119080_15:48,1.561073
20231207_500119080_15:49,1.560456
20231207_500119080_15:51,1.483975
20231207_500119080_15:52,1.547953
20231207_500119080_15:53,1.576151
20231207_500119080_15:54,1.591435
20231207_500119080_15:55,1.603264
20231207_500119080_15:56,1.591148
20231207_500119080_15:57,1.585344
20231207_500119080_15:58,1.577987
20231207_500119080_15:59,1.564160
20231207_500119080_16:01,1.541575
20231207_500119080_16:02,1.506638
20231207_500119080_16:03,1.447396
20231207_500119080_16:04,1.428771
20231207_500119080_16:05,1.457557
20231207_500119080_16:06,1.499923
20231207_500119080_16:07,1.488169
20231207_500119080_16:08,1.456932
20231207_500119080_16:09,1.470354
20231207_500119080_16:11,1.500541
20231207_500119080_16:12,1.525354
20231207_500119080_16:13,1.521533
20231207_500119080_16:14,1.511611
20231207_500119080_16:15,1.464972
20231207_500119080_16:16,1.414373
20231207_500119080_16:17,1.462856
20231207_500119080_16:18,1.592718
20231207_500119080_16:19,1.667813
20231207_500119080_16:21,1.717526
20231207_500119080_16:22,1.682860
20231207_500119080_16:23,1.644770
20231207_500119080_16:24,1.620074
20231207_500119080_16:25,1.618865
20231207_500119080_16:26,1.590129
20231207_500119080_16:27,1.531127
20231207_500119080_16:28,1.469300
20231207_500119080_16:29,1.445865
20231207_500119080_16:31,1.561287
20231207_500119080_16:32,1.583049
20231207_500119080_16:33,1.536792
20231207_500119080_16:34,1.497005
20231207_500119080_16:35,1.518766
20231207_500119080_16:36,1.513496
20231207_500119080_16:37,1.569031
20231207_500119080_16:38,1.593503
20231207_500119080_16:39,1.586154
20231207_500119080_16:40,1.538570
20231207_500119080_16:41,1.508634
20231207_500119080_16:42,1.535326
20231207_500119080_16:43,1.580060
20231207_500119080_16:44,1.587470
20231207_500119080_16:45,1.578449
20231207_500119080_16:46,1.554619
20231207_500119080_16:47,1.519023
20231207_500119080_16:48,1.475904
20231207_500119080_16:49,1.438878
20231207_500119080_16:50,1.446812
20231207_500119080_16:51,1.449746
20231207_500119080_16:52,1.420323
20231207_500119080_16:53,1.385581
20231207_500119080_16:54,1.360378
20231207_500119080_16:56,1.436422
20231207_500119080_16:57,1.435978
20231207_500119080_16:58,1.398447
20231207_500119080_16:59,1.345132
20231207_500119080_17:01,1.334453
20231207_500119080_17:02,1.399492
20231207_500119080_17:03,1.439407
20231207_500119080_17:04,1.457735
20231207_500119080_17:05,1.488455
20231207_500119080_17:06,1.475278
20231207_500119080_17:07,1.486330
20231207_500119080_17:08,1.517298
20231207_500119080_17:09,1.536774
20231207_500119080_17:10,1.553422
20231207_500119080_17:11,1.554346
20231207_500119080_17:12,1.531076
20231207_500119080_17:13,1.495951
20231207_500119080_17:14,1.463181
20231207_500119080_17:15,1.416476
20231207_500119080_17:16,1.389198
20231207_500119080_17:17,1.351249
20231207_500119080_17:18,1.302643
20231207_500119080_17:19,1.255512
20231207_500119080_17:21,1.262012
20231207_500119080_17:22,1.253192
20231207_500119080_17:23,1.211948
20231207_500119080_17:24,1.193532
20231207_500119080_17:25,1.166119
20231207_500119080_17:26,1.143529
20231207_500119080_17:27,1.145277
20231207_500119080_17:28,1.150806
20231207_500119080_17:29,1.156543
20231207_500119080_17:31,1.103868
20231207_500119080_17:32,1.090090
20231207_500119080_17:33,1.105306
20231207_500119080_17:34,1.115264
20231207_500119080_17:35,1.120603
20231207_500119080_17:36,1.103901
20231207_500119080_17:37,1.064332
20231207_500119080_17:38,1.013239
20231207_500119080_17:39,0.965618
20231207_500119080_17:40,0.948611
20231207_500119080_17:41,0.959570
20231207_500119080_17:42,0.937169
20231207_500119080_17:43,0.880583
20231207_500119080_17:45,0.843093
20231207_500119080_17:46,0.900355
20231207_500119080_17:47,0.912579
20231207_500119080_17:48,0.888789
20231207_500119080_17:49,0.841237
20231207_500119080_17:50,0.807949
20231207_500119080_17:51,0.812484
20231207_500119080_17:52,0.859849
20231207_500119080_17:53,0.914965
20231207_500119080_17:54,0.929952
20231207_500119080_17:55,0.922263
20231207_500119080_17:56,0.888102
20231207_500119080_17:57,0.900736
20231207_500119080_17:58,0.970197
20231207_500119080_17:59,1.054177
20231207_500119080_18:01,1.050183
20231207_500119080_18:02,0.994052
20231207_500119080_18:03,0.953093
20231207_500119080_18:04,0.959287
20231207_500119080_18:05,0.995093
20231207_500119080_18:06,1.013050
20231207_500119080_18:07,0.979632
20231207_500119080_18:08,0.914262
20231207_500119080_18:09,0.870992
20231207_500119080_18:10,0.888932
20231207_500119080_18:11,0.955245
20231207_500119080_18:12,1.015093
20231207_500119080_18:13,0.999368
20231207_500119080_18:14,0.948512
20231207_500119080_18:15,0.904745
20231207_500119080_18:16,0.902432
20231207_500119080_18:17,0.944178
20231207_500119080_18:18,0.998963
20231207_500119080_18:19,1.029677
20231207_500119080_18:21,0.958697
20231207_500119080_18:22,0.962238
20231207_500119080_18:23,1.024528
20231207_500119080_18:24,1.056331
20231207_500119080_18:25,1.053018
20231207_500119080_18:26,1.007816
20231207_500119080_18:27,0.945837
20231207_500119080_18:28,0.901468
20231207_500119080_18:29,0.901608
20231207_500119080_18:31,0.961868
20231207_500119080_18:32,0.957900
20231207_500119080_18:33,0.927436
20231207_500119080_18:34,0.901548
20231207_500119080_18:35,0.925604
20231207_500119080_18:36,0.956315
20231207_500119080_18:37,0.981735
20231207_500119080_18:38,0.973415
20231207_500119080_18:39,0.933900
20231207_500119080_18:41,0.899160
20231207_500119080_18:42,0.947918
20231207_500119080_18:43,1.015349
20231207_500119080_18:44,1.062836
20231207_500119080_18:45,1.074138
20231207_500119080_18:46,1.066927
20231207_500119080_18:47,1.072852
20231207_500119080_18:48,1.105207
20231207_500119080_18:49,1.144594
20231207_500119080_18:51,1.122676
20231207_500119080_18:52,1.101341
20231207_500119080_18:53,1.084483
20231207_500119080_18:54,1.062935
20231207_500119080_18:55,1.067508
20231207_500119080_18:56,1.090597
20231207_500119080_18:57,1.085899
20231207_500119080_18:58,1.049845
20231207_500119080_18:59,1.011631
20231207_500119080_19:01,1.014753
20231207_500119080_19:02,1.027222
20231207_500119080_19:03,1.006632
20231207_500119080_19:04,0.956214
20231207_500119080_19:05,0.943354
20231207_500119080_19:06,0.927349
20231207_500119080_19:07,0.921473
20231207_500119080_19:08,0.930898
20231207_500119080_19:09,0.959529
20231207_500119080_19:11,0.928737
20231207_500119080_19:12,0.918258
20231207_500119080_19:13,0.918646
20231207_500119080_19:14,0.931093
20231207_500119080_19:15,0.945116
20231207_500119080_19:16,0.946133
20231207_500119080_19:17,0.926313
20231207_500119080_19:18,0.890275
20231207_500119080_19:19,0.847767
20231207_500119080_19:21,0.778768
20231207_500119080_19:22,0.754048
20231207_500119080_19:23,0.729145
20231207_500119080_19:24,0.695579
20231207_500119080_19:25,0.671861
20231207_500119080_19:26,0.679749
20231207_500119080_19:27,0.701127
20231207_500119080_19:28,0.694416
20231207_500119080_19:29,0.652496
20231207_500119080_19:31,0.612383
20231207_500119080_19:32,0.615143
20231207_500119080_19:33,0.674609
20231207_500119080_19:34,0.723738
20231207_500119080_19:35,0.735946
20231207_500119080_19:36,0.724622
20231207_500119080_19:37,0.711958
20231207_500119080_19:38,0.739640
20231207_500119080_19:39,0.775593
20231207_500119080_19:41,0.769816
20231207_500119080_19:42,0.762611
20231207_500119080_19:43,0.733146
20231207_500119080_19:44,0.695280
20231207_500119080_19:45,0.682226
20231207_500119080_19:46,0.700025
20231207_500119080_19:47,0.702681
20231207_500119080_19:48,0.670507
20231207_500119080_19:49,0.627232
20231207_500119080_19:51,0.612890
20231207_500119080_19:52,0.627855
20231207_500119080_19:53,0.616207
20231207_500119080_19:54,0.566351
20231207_500119080_19:55,0.476689
20231207_500119080_19:56,0.437797
20231207_500119080_19:57,0.446287
20231207_500119080_19:58,0.487104
20231207_500119080_19:59,0.521919
20231207_500119080_20:01,0.494678
20231207_500119080_20:02,0.468043
20231207_500119080_20:03,0.466988
20231207_500119080_20:04,0.485034
20231207_500119080_20:05,0.489999
20231207_500119080_20:06,0.454177
20231207_500119080_20:07,0.381836
20231207_500119080_20:08,0.308261
20231207_500119080_20:09,0.270529
20231207_500119080_20:11,0.297986
20231207_500119080_20:12,0.299325
20231207_500119080_20:13,0.266882
20231207_500119080_20:14,0.220958
20231207_500119080_20:15,0.194530
20231207_500119080_20:16,0.200976
20231207_500119080_20:17,0.240342
20231207_500119080_20:18,0.262900
20231207_500119080_20:19,0.223068
20231207_500119080_20:21,0.092023
20231207_500119080_20:22,0.103892
20231207_500119080_20:23,0.171410
20231207_500119080_20:24,0.242709
20231207_500119080_20:25,0.242881
20231207_500119080_20:26,0.273047
20231207_500119080_20:27,0.295442
20231207_500119080_20:28,0.340890
20231207_500119080_20:29,0.402208
20231207_500119080_20:31,0.458303
20231207_500119080_20:32,0.419588
20231207_500119080_20:33,0.363150
20231207_500119080_20:34,0.325946
20231207_500119080_20:35,0.355830
20231207_500119080_20:36,0.370143
20231207_500119080_20:37,0.369182
20231207_500119080_20:38,0.336342
20231207_500119080_20:39,0.285583
20231207_500119080_20:40,0.247505
20231207_500119080_20:41,0.239971
20231207_500119080_20:42,0.252831
20231207_500119080_20:43,0.263545
20231207_500119080_20:44,0.244168
20231207_500119080_20:45,0.167199
20231207_500119080_20:46,0.123792
20231207_500119080_20:47,0.112611
20231207_500119080_20:48,0.155323
20231207_500119080_20:49,0.183537
20231207_500119080_20:50,0.214160
20231207_500119080_20:51,0.215603
20231207_500119080_20:52,0.208735
20231207_500119080_20:53,0.218977
20231207_500119080_20:54,0.249097
20231207_500119080_20:55,0.339088
20231207_500119080_20:56,0.327638
20231207_500119080_20:57,0.272163
20231207_500119080_20:58,0.197596
20231207_500119080_20:59,0.141870
20231207_500119080_21:01,0.132414
20231207_500119080_21:02,0.133183
20231207_500119080_21:03,0.106839
20231207_500119080_21:04,0.073511
20231207_500119080_21:05,0.078330
20231207_500119080_21:06,0.071958
20231207_500119080_21:07,0.132466
20231207_500119080_21:08,0.175564
20231207_500119080_21:09,0.159556
20231207_500119080_21:10,0.094896
20231207_500119080_21:11,0.075634
20231207_500119080_21:12,0.102121
20231207_500119080_21:13,0.183205
20231207_500119080_21:14,0.262745
20231207_500119080_21:15,0.361864
20231207_500119080_21:16,0.363426
20231207_500119080_21:17,0.356265
20231207_500119080_21:18,0.387770
20231207_500119080_21:19,0.470818
20231207_500119080_21:21,0.590210
20231207_500119080_21:22,0.560010
20231207_500119080_21:23,0.502496
20231207_500119080_21:24,0.455447
20231207_500119080_21:25,0.440394
20231207_500119080_21:26,0.451464
20231207_500119080_21:27,0.444224
20231207_500119080_21:28,0.390174
20231207_500119080_21:29,0.303874
20231207_500119080_21:31,0.241651
20231207_500119080_21:32,0.326883
20231207_500119080_21:33,0.407112
20231207_500119080_21:34,0.399244
20231207_500119080_21:35,0.296940
20231207_500119080_21:36,0.218460
20231207_500119080_21:37,0.183462
20231207_500119080_21:38,0.224987
20231207_500119080_21:39,0.294751
20231207_500119080_21:40,0.325215
20231207_500119080_21:41,0.295209
20231207_500119080_21:42,0.250985
20231207_500119080_21:43,0.262780
20231207_500119080_21:44,0.356828
20231207_500119080_21:45,0.502655
20231207_500119080_21:46,0.538654
20231207_500119080_21:47,0.502709
20231207_500119080_21:48,0.421506
20231207_500119080_21:49,0.360644
20231207_500119080_21:50,0.380234
20231207_500119080_21:51,0.433149
20231207_500119080_21:52,0.477070
20231207_500119080_21:53,0.478486
20231207_500119080_21:54,0.426243
20231207_500119080_21:55,0.300233
20231207_500119080_21:56,0.304321
20231207_500119080_21:57,0.372117
20231207_500119080_21:58,0.419088
20231207_500119080_21:59,0.414634
20231207_500119080_22:01,0.313500
20231207_500119080_22:02,0.297893
20231207_500119080_22:03,0.333722
20231207_500119080_22:04,0.392224
20231207_500119080_22:05,0.483389
20231207_500119080_22:06,0.451071
20231207_500119080_22:07,0.404646
20231207_500119080_22:08,0.409842
20231207_500119080_22:09,0.497002
20231207_500119080_22:10,0.627779
20231207_500119080_22:11,0.692564
20231207_500119080_22:12,0.668740
20231207_500119080_22:13,0.591156
20231207_500119080_22:14,0.537814
20231207_500119080_22:15,0.578502
20231207_500119080_22:16,0.622073
20231207_500119080_22:17,0.661331
20231207_500119080_22:18,0.642577
20231207_500119080_22:19,0.563692
20231207_500119080_22:21,0.468360
20231207_500119080_22:22,0.517616
20231207_500119080_22:23,0.583001
20231207_500119080_22:24,0.580971
20231207_500119080_22:25,0.587255
20231207_500119080_22:26,0.515023
20231207_500119080_22:27,0.469343
20231207_500119080_22:28,0.477191
20231207_500119080_22:29,0.518393
20231207_500119080_22:30,0.534895
20231207_500119080_22:31,0.496360
20231207_500119080_22:32,0.431021
20231207_500119080_22:33,0.401339
20231207_500119080_22:34,0.446343
20231207_500119080_22:35,0.510453
20231207_500119080_22:37,0.560485
20231207_500119080_22:38,0.511476
20231207_500119080_22:39,0.466168
20231207_500119080_22:41,0.499055
20231207_500119080_22:42,0.539178
20231207_500119080_22:43,0.524578
20231207_500119080_22:44,0.448276
20231207_500119080_22:45,0.398742
20231207_500119080_22:46,0.370806
20231207_500119080_22:47,0.413752
20231207_500119080_22:48,0.482628
20231207_500119080_22:49,0.510475
20231207_500119080_22:51,0.385144
20231207_500119080_22:52,0.328032
20231207_500119080_22:53,0.356776
20231207_500119080_22:55,0.277323
20231207_500119080_22:56,0.251910
20231207_500119080_22:57,0.193150
20231207_500119080_22:58,0.161970
20231207_500119080_22:59,0.203587
20231207_500119080_23:01,0.430571
20231207_500119080_23:02,0.457136
20231207_500119080_23:03,0.391921
20231207_500119080_23:04,0.334242
20231207_500119080_23:05,0.349687
20231207_500119080_23:06,0.383067
20231207_500119080_23:07,0.426855
20231207_500119080_23:08,0.418195
20231207_500119080_23:09,0.351890
20231207_500119080_23:11,0.236291
20231207_500119080_23:12,0.274573
20231207_500119080_23:13,0.346944
20231207_500119080_23:14,0.353948
20231207_500119080_23:15,0.302807
20231207_500119080_23:16,0.227239
20231207_500119080_23:17,0.173894
20231207_500119080_23:18,0.195086
20231207_500119080_23:19,0.247946
20231207_500119080_23:21,0.236606
20231207_500119080_23:22,0.201386
20231207_500119080_23:23,0.173628
20231207_500119080_23:24,0.191976
20231207_500119080_23:25,0.261964
20231207_500119080_23:26,0.320056
20231207_500119080_23:27,0.315626
20231207_500119080_23:28,0.245087
20231207_500119080_23:29,0.186562
20231207_500119080_23:31,0.196551
20231207_500119080_23:32,0.239442
20231207_500119080_23:33,0.254142
20231207_500119080_23:34,0.223591
20231207_500119080_23:35,0.205061
20231207_500119080_23:36,0.174566
20231207_500119080_23:37,0.185506
20231207_500119080_23:38,0.217065
20231207_500119080_23:39,0.226440
20231207_500119080_23:41,0.122263
20231207_500119080_23:42,0.071949
20231207_500119080_23:43,0.114585
20231207_500119080_23:44,0.189499
20231207_500119080_23:45,0.145975
20231207_500119080_23:46,0.135521
20231208_500119080_00:01,0.040932
20231208_500119080_00:02,0.112793
20231208_500119080_00:03,0.159183
20231208_500119080_00:04,0.137797
20231208_500119080_00:05,0.063701
20231208_500119080_00:06,0.004494
20231208_500119080_00:07,0.009180
20231208_500119080_00:08,0.040709
20231208_500119080_00:09,0.073972
20231208_500119080_00:11,0.012462
20231208_500119080_00:12,0.016879
20231208_500119080_00:13,0.013039
20231208_500119080_00:14,0.107888
20231208_500119080_00:15,0.314348
20231208_500119080_00:16,0.379417
20231208_500119080_00:17,0.381641
20231208_500119080_00:18,0.356177
20231208_500119080_00:19,0.358897
20231208_500119080_00:21,0.496135
20231208_500119080_00:22,0.549367
20231208_500119080_00:23,0.546366
20231208_500119080_00:24,0.511330
20231208_500119080_00:25,0.498751
20231208_500119080_00:26,0.542312
20231208_500119080_00:27,0.621917
20231208_500119080_00:28,0.679602
20231208_500119080_00:29,0.670372
20231208_500119080_00:30,0.601859
20231208_500119080_00:31,0.526888
20231208_500119080_00:32,0.496001
20231208_500119080_00:33,0.513488
20231208_500119080_00:34,0.528105
20231208_500119080_00:35,0.583226
20231208_500119080_00:36,0.521310
20231208_500119080_00:37,0.458303
20231208_500119080_00:38,0.446557
20231208_500119080_00:39,0.497875
20231208_500119080_00:40,0.567344
20231208_500119080_00:41,0.603930
20231208_500119080_00:42,0.572444
20231208_500119080_00:43,0.505404
20231208_500119080_00:44,0.454220
20231208_500119080_00:45,0.493240
20231208_500119080_00:46,0.532592
20231208_500119080_00:47,0.553777
20231208_500119080_00:48,0.520126
20231208_500119080_00:49,0.448767
20231208_500119080_00:50,0.395444
20231208_500119080_00:51,0.402508
20231208_500119080_00:52,0.458116
20231208_500119080_00:53,0.504642
20231208_500119080_00:54,0.488339
20231208_500119080_00:55,0.356895
20231208_500119080_00:56,0.266866
20231208_500119080_00:57,0.222832
20231208_500119080_00:58,0.236040
20231208_500119080_00:59,0.264357
20231208_500119080_01:00,0.294903
20231208_500119080_01:01,0.271778
20231208_500119080_01:02,0.208840
20231208_500119080_01:03,0.163628
20231208_500119080_01:04,0.221700
20231208_500119080_01:05,0.380550
20231208_500119080_01:06,0.446061
20231208_500119080_01:07,0.471226
20231208_500119080_01:08,0.463295
20231208_500119080_01:09,0.436576
20231208_500119080_01:10,0.441298
20231208_500119080_01:11,0.494453
20231208_500119080_01:12,0.554181
20231208_500119080_01:13,0.564713
20231208_500119080_01:14,0.509705
20231208_500119080_01:15,0.499691
20231208_500119080_01:16,0.508668
20231208_500119080_01:17,0.572214
20231208_500119080_01:18,0.631916
20231208_500119080_01:19,0.630807
20231208_500119080_01:21,0.535826
20231208_500119080_01:22,0.488503
20231208_500119080_01:23,0.492253
20231208_500119080_01:24,0.533791
20231208_500119080_01:25,0.593404
20231208_500119080_01:26,0.557615
20231208_500119080_01:27,0.470685
20231208_500119080_01:28,0.390008
20231208_500119080_01:29,0.370866
20231208_500119080_01:30,0.417402
20231208_500119080_01:31,0.479171
20231208_500119080_01:32,0.496321
20231208_500119080_01:33,0.452165
20231208_500119080_01:34,0.385371
20231208_500119080_01:35,0.321332
20231208_500119080_01:36,0.339045
20231208_500119080_01:37,0.372745
20231208_500119080_01:38,0.365604
20231208_500119080_01:39,0.294215
20231208_500119080_01:40,0.193329
20231208_500119080_01:41,0.127369
20231208_500119080_01:42,0.165820
20231208_500119080_01:43,0.224614
20231208_500119080_01:44,0.239242
20231208_500119080_01:45,0.131490
20231208_500119080_01:46,0.077104
20231208_500119080_01:47,0.029636
20231208_500119080_01:48,0.034240
20231208_500119080_01:49,0.085065
20231208_500119080_01:50,0.123859
20231208_500119080_01:51,0.110018
20231208_500119080_01:52,0.046554
20231208_500119080_01:53,0.015834
20231208_500119080_01:54,0.021071
20231208_500119080_01:55,0.190898
20231208_500119080_01:56,0.278896
20231208_500119080_01:57,0.318332
20231208_500119080_01:58,0.316839
20231208_500119080_01:59,0.331781
20231208_500119080_02:01,0.421302
20231208_500119080_02:02,0.482287
20231208_500119080_02:03,0.517492
20231208_500119080_02:04,0.527713
20231208_500119080_02:05,0.652896
20231208_500119080_02:06,0.676565
20231208_500119080_02:07,0.717862
20231208_500119080_02:08,0.754279
20231208_500119080_02:09,0.759687
20231208_500119080_02:10,0.727506
20231208_500119080_02:11,0.676911
20231208_500119080_02:12,0.636515
20231208_500119080_02:13,0.634650
20231208_500119080_02:14,0.640381
20231208_500119080_02:15,0.669764
20231208_500119080_02:16,0.626916
20231208_500119080_02:19,0.608378
20231208_500119080_02:21,0.688605
20231208_500119080_02:22,0.698458
20231208_500119080_02:23,0.656510
20231208_500119080_02:24,0.614371
20231208_500119080_02:25,0.757956
20231208_500119080_02:26,0.768022
20231208_500119080_02:27,0.773755
20231208_500119080_02:28,0.769447
20231208_500119080_02:29,0.736019
20231208_500119080_02:31,0.682054
20231208_500119080_02:32,0.701375
20231208_500119080_02:33,0.748354
20231208_500119080_02:34,0.759561
20231208_500119080_02:35,0.815445
20231208_500119080_02:36,0.760675
20231208_500119080_02:37,0.721971
20231208_500119080_02:38,0.714729
20231208_500119080_02:39,0.722400
20231208_500119080_02:41,0.685089
20231208_500119080_02:42,0.651082
20231208_500119080_02:43,0.652680
20231208_500119080_02:44,0.703664
20231208_500119080_02:45,0.821032
20231208_500119080_02:46,0.888572
20231208_500119080_02:47,0.917158
20231208_500119080_02:48,0.910561
20231208_500119080_02:49,0.897741
20231208_500119080_02:51,0.948148
20231208_500119080_02:52,0.964577
20231208_500119080_02:53,1.014152
20231208_500119080_02:54,1.053192
20231208_500119080_02:55,1.042993
20231208_500119080_02:56,1.045936
20231208_500119080_02:57,1.069126
20231208_500119080_02:58,1.094988
20231208_500119080_02:59,1.095888
20231208_500119080_03:01,0.996089
20231208_500119080_03:02,0.937154
20231208_500119080_03:03,0.901596
20231208_500119080_03:04,0.877845
20231208_500119080_03:05,0.888265
20231208_500119080_03:06,0.871074
20231208_500119080_03:07,0.825065
20231208_500119080_03:08,0.792201
20231208_500119080_03:09,0.791426
20231208_500119080_03:11,0.846027
20231208_500119080_03:12,0.849153
20231208_500119080_03:13,0.823126
20231208_500119080_03:14,0.787739
20231208_500119080_03:15,0.768522
20231208_500119080_03:16,0.771945
20231208_500119080_03:17,0.782524
20231208_500119080_03:18,0.776779
20231208_500119080_03:19,0.746508
20231208_500119080_03:21,0.683016
20231208_500119080_03:22,0.685236
20231208_500119080_03:23,0.699340
20231208_500119080_03:24,0.742587
20231208_500119080_03:25,0.708270
20231208_500119080_03:26,0.636081
20231208_500119080_03:27,0.565821
20231208_500119080_03:28,0.558168
20231208_500119080_03:29,0.595708
20231208_500119080_03:31,0.622420
20231208_500119080_03:32,0.601871
20231208_500119080_03:33,0.566440
20231208_500119080_03:34,0.578997
20231208_500119080_03:35,0.642544
20231208_500119080_03:36,0.752338
20231208_500119080_03:37,0.821637
20231208_500119080_03:38,0.827607
20231208_500119080_03:39,0.802585
20231208_500119080_03:41,0.887314
20231208_500119080_03:42,0.949684
20231208_500119080_03:43,0.994558
20231208_500119080_03:44,1.010964
20231208_500119080_03:45,0.934623
20231208_500119080_03:46,0.944619
20231208_500119080_03:47,0.972534
20231208_500119080_03:48,1.006368
20231208_500119080_03:49,1.064336
20231208_500119080_03:50,1.060213
20231208_500119080_03:51,0.994700
20231208_500119080_03:52,0.918965
20231208_500119080_03:53,0.885258
20231208_500119080_03:54,0.901298
20231208_500119080_03:55,0.926600
20231208_500119080_03:56,0.913453
20231208_500119080_03:57,0.854121
20231208_500119080_03:58,0.790200
20231208_500119080_03:59,0.775096
20231208_500119080_04:01,0.897852
20231208_500119080_04:02,0.935964
20231208_500119080_04:03,0.909020
20231208_500119080_04:04,0.839462
20231208_500119080_04:05,0.846077
20231208_500119080_04:06,0.845771
20231208_500119080_04:07,0.885083
20231208_500119080_04:08,0.909693
20231208_500119080_04:09,0.880341
20231208_500119080_04:10,0.810710
20231208_500119080_04:11,0.755492
20231208_500119080_04:12,0.759427
20231208_500119080_04:13,0.814362
20231208_500119080_04:14,0.864290
20231208_500119080_04:15,0.854421
20231208_500119080_04:16,0.779860
20231208_500119080_04:17,0.689676
20231208_500119080_04:18,0.642870
20231208_500119080_04:19,0.656591
20231208_500119080_04:21,0.696080
20231208_500119080_04:22,0.652142
20231208_500119080_04:23,0.599794
20231208_500119080_04:24,0.593665
20231208_500119080_04:25,0.628768
20231208_500119080_04:26,0.725639
20231208_500119080_04:27,0.796056
20231208_500119080_04:28,0.803601
20231208_500119080_04:29,0.761112
20231208_500119080_04:30,0.726080
20231208_500119080_04:31,0.745216
20231208_500119080_04:32,0.808522
20231208_500119080_04:33,0.863437
20231208_500119080_04:34,0.865225
20231208_500119080_04:35,0.792619
20231208_500119080_04:36,0.750926
20231208_500119080_04:37,0.762060
20231208_500119080_04:38,0.825538
20231208_500119080_04:39,0.889259
20231208_500119080_04:40,0.894730
20231208_500119080_04:41,0.828848
20231208_500119080_04:42,0.735226
20231208_500119080_04:43,0.674925
20231208_500119080_04:44,0.672625
20231208_500119080_04:45,0.670328
20231208_500119080_04:46,0.700490
20231208_500119080_04:47,0.671684
20231208_500119080_04:48,0.589484
20231208_500119080_04:49,0.509490
20231208_500119080_04:50,0.524699
20231208_500119080_04:51,0.594153
20231208_500119080_04:52,0.642381
20231208_500119080_04:53,0.625766
20231208_500119080_04:54,0.588094
20231208_500119080_04:55,0.499100
20231208_500119080_04:56,0.465406
20231208_500119080_04:57,0.484024
20231208_500119080_04:58,0.522078
20231208_500119080_04:59,0.522417
20231208_500119080_05:00,0.458327
20231208_500119080_05:01,0.383849
20231208_500119080_05:02,0.374249
20231208_500119080_05:03,0.424417
20231208_500119080_05:04,0.487483
20231208_500119080_05:05,0.512115
20231208_500119080_05:06,0.458353
20231208_500119080_05:07,0.373217
20231208_500119080_05:08,0.326392
20231208_500119080_05:09,0.331714
20231208_500119080_05:10,0.385353
20231208_500119080_05:11,0.437287
20231208_500119080_05:12,0.436800
20231208_500119080_05:13,0.381338
20231208_500119080_05:14,0.323568
20231208_500119080_05:15,0.343411
20231208_500119080_05:16,0.449838
20231208_500119080_05:17,0.545018
20231208_500119080_05:18,0.578239
20231208_500119080_05:19,0.553007
20231208_500119080_05:21,0.538012
20231208_500119080_05:22,0.606591
20231208_500119080_05:23,0.682421
20231208_500119080_05:24,0.713228
20231208_500119080_05:26,0.707777
20231208_500119080_05:27,0.727880
20231208_500119080_05:29,0.864046
20231208_500119080_05:31,0.864373
20231208_500119080_05:32,0.783908
20231208_500119080_05:33,0.721892
20231208_500119080_05:34,0.716638
20231208_500119080_05:35,0.768121
20231208_500119080_05:36,0.787960
20231208_500119080_05:37,0.756803
20231208_500119080_05:38,0.690974
20231208_500119080_05:39,0.646077
20231208_500119080_05:41,0.738164
20231208_500119080_05:42,0.806558
20231208_500119080_05:43,0.815733
20231208_500119080_05:44,0.761590
20231208_500119080_05:45,0.729523
20231208_500119080_05:46,0.721348
20231208_500119080_05:47,0.734469
20231208_500119080_05:48,0.778847
20231208_500119080_05:49,0.786823
20231208_500119080_05:51,0.678181
20231208_500119080_05:52,0.662037
20231208_500119080_05:53,0.694685
20231208_500119080_05:54,0.763664
20231208_500119080_05:55,0.852424
20231208_500119080_05:56,0.817589
20231208_500119080_05:57,0.736493
20231208_500119080_05:58,0.670080
20231208_500119080_05:59,0.662599
20231208_500119080_06:01,0.742335
20231208_500119080_06:02,0.735714
20231208_500119080_06:03,0.692637
20231208_500119080_06:04,0.665716
20231208_500119080_06:05,0.766150
20231208_500119080_06:06,0.863722
20231208_500119080_06:07,0.967616
20231208_500119080_06:08,1.018750
20231208_500119080_06:09,1.004420
20231208_500119080_06:11,1.003350
20231208_500119080_06:12,1.055013
20231208_500119080_06:13,1.109603
20231208_500119080_06:14,1.148229
20231208_500119080_06:15,1.228112
20231208_500119080_06:16,1.221883
20231208_500119080_06:17,1.227668
20231208_500119080_06:18,1.254069
20231208_500119080_06:19,1.289177
20231208_500119080_06:21,1.326503
20231208_500119080_06:22,1.252708
20231208_500119080_06:23,1.181242
20231208_500119080_06:24,1.161655
20231208_500119080_06:25,1.201105
20231208_500119080_06:26,1.232037
20231208_500119080_06:27,1.217645
20231208_500119080_06:28,1.159251
20231208_500119080_06:29,1.106216
20231208_500119080_06:31,1.177397
20231208_500119080_06:32,1.257809
20231208_500119080_06:33,1.290396
20231208_500119080_06:34,1.255037
20231208_500119080_06:35,1.189467
20231208_500119080_06:36,1.154045
20231208_500119080_06:37,1.177131
20231208_500119080_06:38,1.230990
20231208_500119080_06:39,1.259803
20231208_500119080_06:41,1.176358
20231208_500119080_06:42,1.146140
20231208_500119080_06:43,1.178933
20231208_500119080_06:44,1.254579
20231208_500119080_06:45,1.285541
20231208_500119080_06:46,1.278158
20231208_500119080_06:47,1.213026
20231208_500119080_06:48,1.145805
20231208_500119080_06:49,1.130417
20231208_500119080_06:50,1.167514
20231208_500119080_06:51,1.214920
20231208_500119080_06:52,1.254251
20231208_500119080_06:53,1.235889
20231208_500119080_06:54,1.184331
20231208_500119080_06:55,1.186544
20231208_500119080_06:56,1.278442
20231208_500119080_06:57,1.393417
20231208_500119080_06:58,1.470946
20231208_500119080_06:59,1.484856
20231208_500119080_07:01,1.466188
20231208_500119080_07:02,1.511036
20231208_500119080_07:03,1.565576
20231208_500119080_07:04,1.626071
20231208_500119080_07:05,1.603947
20231208_500119080_07:06,1.593430
20231208_500119080_07:07,1.579912
20231208_500119080_07:08,1.604661
20231208_500119080_07:09,1.674253
20231208_500119080_07:10,1.750172
20231208_500119080_07:11,1.779378
20231208_500119080_07:12,1.720534
20231208_500119080_07:13,1.647651
20231208_500119080_07:14,1.591838
20231208_500119080_07:15,1.507036
20231208_500119080_07:16,1.513728
20231208_500119080_07:17,1.512181
20231208_500119080_07:18,1.483336
20231208_500119080_07:19,1.423203
20231208_500119080_07:21,1.424699
20231208_500119080_07:22,1.495613
20231208_500119080_07:23,1.557360
20231208_500119080_07:24,1.564421
20231208_500119080_07:25,1.454954
20231208_500119080_07:26,1.387774
20231208_500119080_07:27,1.348987
20231208_500119080_07:28,1.358194
20231208_500119080_07:29,1.382591
20231208_500119080_07:31,1.334039
20231208_500119080_07:32,1.282918
20231208_500119080_07:33,1.271226
20231208_500119080_07:34,1.312977
20231208_500119080_07:35,1.262346
20231208_500119080_07:36,1.280223
20231208_500119080_07:37,1.245712
20231208_500119080_07:38,1.198170
20231208_500119080_07:39,1.133873
20231208_500119080_07:40,1.109295
20231208_500119080_07:41,1.138512
20231208_500119080_07:42,1.182288
20231208_500119080_07:43,1.187689
20231208_500119080_07:44,1.140961
20231208_500119080_07:45,0.961928
20231208_500119080_07:46,0.956426
20231208_500119080_07:47,1.027549
20231208_500119080_07:48,1.139303
20231208_500119080_07:49,1.224075
20231208_500119080_07:50,1.240169
20231208_500119080_07:51,1.205387
20231208_500119080_07:52,1.173588
20231208_500119080_07:53,1.191289
20231208_500119080_07:54,1.247652
20231208_500119080_07:55,0.947218
20231208_500119080_07:56,0.925747
20231208_500119080_07:57,0.856891
20231208_500119080_07:58,0.801068
20231208_500119080_07:59,0.812128
20231208_500119080_08:01,0.969275
20231208_500119080_08:02,0.993035
20231208_500119080_08:03,0.944596
20231208_500119080_08:04,0.869218
20231208_500119080_08:05,0.488869
20231208_500119080_08:06,0.503599
20231208_500119080_08:07,0.535224
20231208_500119080_08:08,0.527342
20231208_500119080_08:09,0.463059
20231208_500119080_08:10,0.378306
20231208_500119080_08:11,0.335765
20231208_500119080_08:12,0.368411
20231208_500119080_08:13,0.448193
20231208_500119080_08:14,0.508910
20231208_500119080_08:15,0.229917
20231208_500119080_08:16,0.165606
20231208_500119080_08:17,0.129973
20231208_500119080_08:18,0.104310
20231208_500119080_08:19,0.097708
20231208_500119080_08:21,0.081885
20231208_500119080_08:22,0.003559
20231208_500119080_08:23,0.082036
20231208_500119080_08:24,0.095054
20231208_500119080_08:25,0.047177
20231208_500119080_08:26,0.030869
20231208_500119080_08:27,0.089524
20231208_500119080_08:28,0.074722
20231208_500119080_08:29,0.006098
20231208_500119080_08:32,0.025939
20231208_500119080_08:33,0.071425
20231208_500119080_08:34,0.050082
20231208_500119080_08:35,0.191912
20231208_500119080_08:36,0.260930
20231208_500119080_08:37,0.235473
20231208_500119080_08:38,0.138281
20231208_500119080_08:39,0.042083
20231208_500119080_08:40,0.017378
20231208_500119080_08:41,0.046714
20231208_500119080_08:42,0.075146
20231208_500119080_08:43,0.064348
20231208_500119080_08:44,0.026933
20231208_500119080_08:45,0.024006
20231208_500119080_08:46,0.068222
20231208_500119080_08:47,0.153673
20231208_500119080_08:48,0.198569
20231208_500119080_08:49,0.121397
20231208_500119080_08:50,0.010234
20231208_500119080_08:51,0.064330
20231208_500119080_08:52,0.064970
20231208_500119080_08:53,0.011567
20231208_500119080_08:54,0.042068
20231208_500119080_08:55,0.179919
20231208_500119080_08:56,0.157222
20231208_500119080_08:57,0.141004
20231208_500119080_08:58,0.115652
20231208_500119080_08:59,0.152062
20231208_500119080_09:01,0.203542
20231208_500119080_09:02,0.133441
20231208_500119080_09:03,0.026092
20231208_500119080_09:04,0.004293
20231208_500119080_09:05,0.026360
20231208_500119080_09:06,0.044050
20231208_500119080_09:07,0.094550
20231208_500119080_09:08,0.071419
20231208_500119080_09:09,0.010568
20231208_500119080_09:10,0.037781
20231208_500119080_09:11,0.112735
20231208_500119080_09:13,0.187043
20231208_500119080_09:14,0.138383
20231208_500119080_09:15,0.078567
20231208_500119080_09:16,0.022917
20231208_500119080_09:17,0.054086
20231208_500119080_09:18,0.102531
20231208_500119080_09:19,0.169596
20231208_500119080_09:21,0.046975
20231208_500119080_09:22,0.004556
20231208_500119080_09:23,0.006749
20231208_500119080_09:24,0.068111
20231208_500119080_09:25,0.115266
20231208_500119080_09:26,0.074220
20231208_500119080_09:27,0.033140
20231208_500119080_09:28,0.133508
20231208_500119080_09:29,0.158260
20231208_500119080_09:31,0.034907
20231208_500119080_09:32,0.021407
20231208_500119080_09:33,0.075726
20231208_500119080_09:34,0.140359
20231208_500119080_09:35,0.159762
20231208_500119080_09:36,0.106508
20231208_500119080_09:37,0.028610
20231208_500119080_09:38,0.004245
20231208_500119080_09:39,0.066448
20231208_500119080_09:41,0.232919
20231208_500119080_09:42,0.207594
20231208_500119080_09:43,0.127007
20231208_500119080_09:44,0.066072
20231208_500119080_09:45,0.032592
20231208_500119080_09:46,0.102758
20231208_500119080_09:47,0.156263
20231208_500119080_09:48,0.138577
20231208_500119080_09:49,0.061709
20231208_500119080_09:51,0.002468
20231208_500119080_09:52,0.080492
20231208_500119080_09:53,0.161310
20231208_500119080_09:54,0.171671
20231208_500119080_09:55,0.102061
20231208_500119080_09:56,0.029932
20231208_500119080_09:57,0.037770
20231208_500119080_09:58,0.018951
20231208_500119080_09:59,0.023138
20231208_500119080_10:01,0.015431
20231208_500119080_10:02,0.018927
20231208_500119080_10:03,0.019474
20231208_500119080_10:04,0.007210
20231208_500119080_10:05,0.027722
20231208_500119080_10:06,0.035038
20231208_500119080_10:07,0.030293
20231208_500119080_10:08,0.055752
20231208_500119080_10:09,0.120812
20231208_500119080_10:11,0.162402
20231208_500119080_10:12,0.106508
20231208_500119080_10:13,0.102656
20231208_500119080_10:14,0.152859
20231208_500119080_10:15,0.164112
20231208_500119080_10:16,0.167463
20231208_500119080_10:17,0.100966
20231208_500119080_10:18,0.009752
20231208_500119080_10:19,0.059377
20231208_500119080_10:21,0.004570
20231208_500119080_10:22,0.063181
20231208_500119080_10:23,0.028391
20231208_500119080_10:24,0.054516
20231208_500119080_10:25,0.074360
20231208_500119080_10:26,0.068351
20231208_500119080_10:27,0.031842
20231208_500119080_10:28,0.029881
20231208_500119080_10:29,0.080203
20231208_500119080_10:31,0.184957
20231208_500119080_10:32,0.191330
20231208_500119080_10:33,0.127781
20231208_500119080_10:34,0.064392
20231208_500119080_10:35,0.030674
20231208_500119080_10:36,0.074116
20231208_500119080_10:37,0.110341
20231208_500119080_10:38,0.136394
20231208_500119080_10:39,0.123401
20231208_500119080_10:41,0.078042
20231208_500119080_10:42,0.103782
20231208_500119080_10:43,0.153463
20231208_500119080_10:44,0.205016
20231208_500119080_10:45,0.240228
20231208_500119080_10:46,0.157939
20231208_500119080_10:47,0.094249
20231208_500119080_10:48,0.100163
20231208_500119080_10:49,0.145534
20231208_500119080_10:51,0.207828
20231208_500119080_10:52,0.150504
20231208_500119080_10:53,0.121314
20231208_500119080_10:54,0.145584
20231208_500119080_10:55,0.181357
20231208_500119080_10:56,0.190117
20231208_500119080_10:57,0.131386
20231208_500119080_10:58,0.034570
20231208_500119080_10:59,0.034964
20231208_500119080_11:01,0.025297
20231208_500119080_11:02,0.079518
20231208_500119080_11:03,0.079424
20231208_500119080_11:04,0.038678
20231208_500119080_11:05,0.017914
20231208_500119080_11:06,0.001982
20231208_500119080_11:07,0.052750
20231208_500119080_11:08,0.113850
20231208_500119080_11:09,0.174173
20231208_500119080_11:10,0.147817
20231208_500119080_11:11,0.081625
20231208_500119080_11:12,0.029454
20231208_500119080_11:13,0.041681
20231208_500119080_11:14,0.068613
20231208_500119080_11:15,0.096145
20231208_500119080_11:16,0.125108
20231208_500119080_11:17,0.119569
20231208_500119080_11:18,0.094345
20231208_500119080_11:19,0.121246
20231208_500119080_11:21,0.196960
20231208_500119080_11:22,0.163899
20231208_500119080_11:23,0.079461
20231208_500119080_11:24,0.020531
20231208_500119080_11:25,0.009966
20231208_500119080_11:26,0.070211
20231208_500119080_11:27,0.104812
20231208_500119080_11:28,0.153056
20231208_500119080_11:29,0.174673
20231208_500119080_11:31,0.074360
20231208_500119080_11:32,0.071342
20231208_500119080_11:33,0.112945
20231208_500119080_11:34,0.123512
20231208_500119080_11:35,0.136487
20231208_500119080_11:36,0.086080
20231208_500119080_11:37,0.057684
20231208_500119080_11:38,0.077554
20231208_500119080_11:39,0.139425
20231208_500119080_11:40,0.195611
20231208_500119080_11:41,0.199664
20231208_500119080_11:42,0.146259
20231208_500119080_11:43,0.074940
20231208_500119080_11:44,0.064977
20231208_500119080_11:45,0.112236
20231208_500119080_11:46,0.148869
20231208_500119080_11:47,0.118359
20231208_500119080_11:48,0.034584
20231208_500119080_11:49,0.008935
20231208_500119080_11:50,0.014139
20231208_500119080_11:51,0.037516
20231208_500119080_11:52,0.116125
20231208_500119080_11:53,0.166566
20231208_500119080_11:54,0.159461
20231208_500119080_11:55,0.124442
20231208_500119080_11:56,0.081974
20231208_500119080_11:57,0.115508
20231208_500119080_11:58,0.193952
20231208_500119080_11:59,0.231494
20231208_500119080_12:01,0.154833
20231208_500119080_12:02,0.142427
20231208_500119080_12:03,0.203071
20231208_500119080_12:04,0.306994
20231208_500119080_12:05,0.350201
20231208_500119080_12:06,0.395891
20231208_500119080_12:07,0.398683
20231208_500119080_12:08,0.382425
20231208_500119080_12:09,0.414845
20231208_500119080_12:10,0.489987
20231208_500119080_12:11,0.530315
20231208_500119080_12:12,0.537175
20231208_500119080_12:13,0.484355
20231208_500119080_12:14,0.422155
20231208_500119080_12:15,0.413078
20231208_500119080_12:16,0.430905
20231208_500119080_12:17,0.455684
20231208_500119080_12:18,0.483359
20231208_500119080_12:19,0.496826
20231208_500119080_12:21,0.496020
20231208_500119080_12:22,0.509847
20231208_500119080_12:23,0.534910
20231208_500119080_12:24,0.554021
20231208_500119080_12:25,0.577545
20231208_500119080_12:26,0.554516
20231208_500119080_12:27,0.517293
20231208_500119080_12:28,0.515303
20231208_500119080_12:29,0.549702
20231208_500119080_12:31,0.655371
20231208_500119080_12:32,0.684985
20231208_500119080_12:33,0.661292
20231208_500119080_12:34,0.661378
20231208_500119080_12:35,0.695058
20231208_500119080_12:36,0.739730
20231208_500119080_12:37,0.725898
20231208_500119080_12:38,0.647700
20231208_500119080_12:39,0.557223
20231208_500119080_12:40,0.520079
20231208_500119080_12:41,0.557949
20231208_500119080_12:42,0.626550
20231208_500119080_12:43,0.645889
20231208_500119080_12:44,0.632829
20231208_500119080_12:45,0.581581
20231208_500119080_12:46,0.553170
20231208_500119080_12:47,0.583661
20231208_500119080_12:48,0.597992
20231208_500119080_12:49,0.601111
20231208_500119080_12:50,0.632167
20231208_500119080_12:51,0.603337
20231208_500119080_12:52,0.531809
20231208_500119080_12:53,0.471466
20231208_500119080_12:54,0.482292
20231208_500119080_12:55,0.528927
20231208_500119080_12:56,0.562550
20231208_500119080_12:57,0.577479
20231208_500119080_12:58,0.577281
20231208_500119080_12:59,0.579147
20231208_500119080_13:01,0.612457
20231208_500119080_13:02,0.627661
20231208_500119080_13:03,0.643222
20231208_500119080_13:05,0.495197
20231208_500119080_13:07,0.452872
20231208_500119080_13:08,0.480862
20231208_500119080_13:09,0.490424
20231208_500119080_13:11,0.419726
20231208_500119080_13:12,0.413283
20231208_500119080_13:13,0.420992
20231208_500119080_13:14,0.474733
20231208_500119080_13:15,0.550745
20231208_500119080_13:16,0.527429
20231208_500119080_13:17,0.457923
20231208_500119080_13:18,0.388010
20231208_500119080_13:19,0.364541
20231208_500119080_13:21,0.446119
20231208_500119080_13:22,0.429058
20231208_500119080_13:23,0.427207
20231208_500119080_13:24,0.422869
20231208_500119080_13:25,0.383941
20231208_500119080_13:26,0.403608
20231208_500119080_13:27,0.417679
20231208_500119080_13:28,0.413370
20231208_500119080_13:29,0.389748
20231208_500119080_13:31,0.282059
20231208_500119080_13:32,0.269406
20231208_500119080_13:33,0.280679
20231208_500119080_13:34,0.298008
20231208_500119080_13:35,0.292721
20231208_500119080_13:36,0.251946
20231208_500119080_13:37,0.241927
20231208_500119080_13:38,0.273024
20231208_500119080_13:39,0.357316
20231208_500119080_13:41,0.456826
20231208_500119080_13:42,0.416667
20231208_500119080_13:43,0.355470
20231208_500119080_13:44,0.323615
20231208_500119080_13:45,0.312444
20231208_500119080_13:46,0.336822
20231208_500119080_13:47,0.385900
20231208_500119080_13:48,0.359222
20231208_500119080_13:49,0.345271
20231208_500119080_13:51,0.387210
20231208_500119080_13:52,0.467475
20231208_500119080_13:53,0.523009
20231208_500119080_13:54,0.507458
20231208_500119080_13:55,0.441310
20231208_500119080_13:56,0.376752
20231208_500119080_13:57,0.317970
20231208_500119080_13:58,0.312197
20231208_500119080_13:59,0.334530
20231208_500119080_14:01,0.296526
20231208_500119080_14:02,0.257081
20231208_500119080_14:03,0.263995
20231208_500119080_14:04,0.320915
20231208_500119080_14:05,0.401717
20231208_500119080_14:06,0.439726
20231208_500119080_14:07,0.391609
20231208_500119080_14:08,0.308105
20231208_500119080_14:09,0.244842
20231208_500119080_14:11,0.272631
20231208_500119080_14:12,0.251814
20231208_500119080_14:13,0.192436
20231208_500119080_14:14,0.177617
20231208_500119080_14:15,0.170276
20231208_500119080_14:16,0.179401
20231208_500119080_14:17,0.234530
20231208_500119080_14:18,0.281197
20231208_500119080_14:19,0.264846
20231208_500119080_14:21,0.122835
20231208_500119080_14:22,0.090244
20231208_500119080_14:23,0.115962
20231208_500119080_14:24,0.132031
20231208_500119080_14:25,0.114618
20231208_500119080_14:26,0.069326
20231208_500119080_14:27,0.034537
20231208_500119080_14:28,0.051875
20231208_500119080_14:29,0.138953
20231208_500119080_14:31,0.240160
20231208_500119080_14:32,0.211078
20231208_500119080_14:33,0.147875
20231208_500119080_14:34,0.103229
20231208_500119080_14:35,0.147547
20231208_500119080_14:36,0.178471
20231208_500119080_14:37,0.195467
20231208_500119080_14:38,0.175143
20231208_500119080_14:39,0.138102
20231208_500119080_14:41,0.181341
20231208_500119080_14:42,0.269345
20231208_500119080_14:43,0.339933
20231208_500119080_14:44,0.348792
20231208_500119080_14:45,0.313270
20231208_500119080_14:46,0.250817
20231208_500119080_14:47,0.223006
20231208_500119080_14:48,0.238295
20231208_500119080_14:49,0.284245
20231208_500119080_14:51,0.268925
20231208_500119080_14:52,0.196204
20231208_500119080_14:53,0.193254
20231208_500119080_14:54,0.258573
20231208_500119080_14:55,0.340401
20231208_500119080_14:56,0.381413
20231208_500119080_14:57,0.369841
20231208_500119080_14:58,0.312666
20231208_500119080_14:59,0.241716
20231208_500119080_15:01,0.248123
20231208_500119080_15:02,0.271671
20231208_500119080_15:03,0.286303
20231208_500119080_15:04,0.289897
20231208_500119080_15:05,0.311912
20231208_500119080_15:06,0.336084
20231208_500119080_15:07,0.365566
20231208_500119080_15:08,0.408378
20231208_500119080_15:09,0.426868
20231208_500119080_15:10,0.384760
20231208_500119080_15:11,0.324243
20231208_500119080_15:12,0.295319
20231208_500119080_15:13,0.312813
20231208_500119080_15:14,0.353459
20231208_500119080_15:15,0.416441
20231208_500119080_15:16,0.386317
20231208_500119080_15:17,0.334315
20231208_500119080_15:18,0.350553
20231208_500119080_15:19,0.424990
20231208_500119080_15:21,0.589216
20231208_500119080_15:22,0.589560
20231208_500119080_15:23,0.543124
20231208_500119080_15:24,0.501319
20231208_500119080_15:25,0.476319
20231208_500119080_15:26,0.514605
20231208_500119080_15:27,0.549607
20231208_500119080_15:28,0.548889
20231208_500119080_15:29,0.533109
20231208_500119080_15:31,0.573583
20231208_500119080_15:32,0.643170
20231208_500119080_15:33,0.730545
20231208_500119080_15:34,0.763566
20231208_500119080_15:35,0.758617
20231208_500119080_15:36,0.702510
20231208_500119080_15:37,0.664777
20231208_500119080_15:38,0.671119
20231208_500119080_15:39,0.700291
20231208_500119080_15:40,0.707544
20231208_500119080_15:41,0.676467
20231208_500119080_15:43,0.650148
20231208_500119080_15:44,0.680758
20231208_500119080_15:45,0.793409
20231208_500119080_15:46,0.843664
20231208_500119080_15:47,0.843440
20231208_500119080_15:48,0.825455
20231208_500119080_15:49,0.785724
20231208_500119080_15:50,0.747814
20231208_500119080_15:51,0.732763
20231208_500119080_15:52,0.733598
20231208_500119080_15:53,0.730217
20231208_500119080_15:54,0.737080
20231208_500119080_15:55,0.727637
20231208_500119080_15:56,0.717573
20231208_500119080_15:57,0.689365
20231208_500119080_15:58,0.779696
20231208_500119080_15:59,0.820697
20231208_500119080_16:01,0.728377
20231208_500119080_16:02,0.690109
20231208_500119080_16:03,0.693991
20231208_500119080_16:04,0.712290
20231208_500119080_16:05,0.733925
20231208_500119080_16:06,0.686362
20231208_500119080_16:07,0.667446
20231208_500119080_16:08,0.681073
20231208_500119080_16:09,0.726029
20231208_500119080_16:10,0.788125
20231208_500119080_16:11,0.841815
20231208_500119080_16:12,0.860164
20231208_500119080_16:13,0.865812
20231208_500119080_16:14,0.847314
20231208_500119080_16:15,0.826154
20231208_500119080_16:16,0.820702
20231208_500119080_16:17,0.844682
20231208_500119080_16:18,0.860434
20231208_500119080_16:19,0.862275
20231208_500119080_16:21,0.858053
20231208_500119080_16:22,0.881950
20231208_500119080_16:23,0.918714
20231208_500119080_16:24,0.943256
20231208_500119080_16:25,0.963856
20231208_500119080_16:26,0.922471
20231208_500119080_16:27,0.864331
20231208_500119080_16:29,0.822606
20231208_500119080_16:31,0.807766
20231208_500119080_16:32,0.759929
20231208_500119080_16:33,0.736751
20231208_500119080_16:34,0.770070
20231208_500119080_16:35,0.914827
20231208_500119080_16:36,0.977750
20231208_500119080_16:37,0.981672
20231208_500119080_16:38,0.924832
20231208_500119080_16:39,0.874611
20231208_500119080_16:40,0.822400
20231208_500119080_16:41,0.809606
20231208_500119080_16:42,0.826495
20231208_500119080_16:43,0.817226
20231208_500119080_16:44,0.772674
20231208_500119080_16:45,0.747613
20231208_500119080_16:46,0.753073
20231208_500119080_16:47,0.770802
20231208_500119080_16:48,0.842427
20231208_500119080_16:49,0.877597
20231208_500119080_16:50,0.827463
20231208_500119080_16:51,0.758611
20231208_500119080_16:52,0.725732
20231208_500119080_16:53,0.710172
20231208_500119080_16:54,0.728551
20231208_500119080_16:55,0.798869
20231208_500119080_16:56,0.778223
20231208_500119080_16:57,0.733128
20231208_500119080_16:58,0.707850
20231208_500119080_16:59,0.738545
20231208_500119080_17:01,0.891858
20231208_500119080_17:02,0.911895
20231208_500119080_17:03,0.852386
20231208_500119080_17:04,0.798032
20231208_500119080_17:05,0.810223
20231208_500119080_17:06,0.800511
20231208_500119080_17:07,0.826462
20231208_500119080_17:08,0.830577
20231208_500119080_17:09,0.821775
20231208_500119080_17:10,0.810013
20231208_500119080_17:11,0.802432
20231208_500119080_17:12,0.814530
20231208_500119080_17:13,0.882037
20231208_500119080_17:15,0.891025
20231208_500119080_17:16,0.817116
20231208_500119080_17:17,0.772445
20231208_500119080_17:18,0.758421
20231208_500119080_17:19,0.764853
20231208_500119080_17:21,0.742651
20231208_500119080_17:22,0.677806
20231208_500119080_17:23,0.633229
20231208_500119080_17:24,0.641172
20231208_500119080_17:26,0.781651
20231208_500119080_17:27,0.759317
20231208_500119080_17:28,0.680037
20231208_500119080_17:29,0.597819
20231208_500119080_17:31,0.554331
20231208_500119080_17:32,0.558278
20231208_500119080_17:33,0.545352
20231208_500119080_17:35,0.440275
20231208_500119080_17:36,0.417045
20231208_500119080_17:38,0.514828
20231208_500119080_17:39,0.532049
20231208_500119080_17:40,0.484420
20231208_500119080_17:41,0.403688
20231208_500119080_17:42,0.346853
20231208_500119080_17:43,0.344254
20231208_500119080_17:44,0.368413
20231208_500119080_17:45,0.379781
20231208_500119080_17:46,0.347548
20231208_500119080_17:47,0.279751
20231208_500119080_17:48,0.238770
20231208_500119080_17:49,0.262227
20231208_500119080_17:50,0.334181
20231208_500119080_17:51,0.396881
20231208_500119080_17:52,0.400454
20231208_500119080_17:53,0.345648
20231208_500119080_17:54,0.281073
20231208_500119080_17:56,0.286450
20231208_500119080_17:57,0.310425
20231208_500119080_17:58,0.318810
20231208_500119080_17:59,0.311369
20231208_500119080_18:01,0.281349
20231208_500119080_18:02,0.296656
20231208_500119080_18:03,0.352490
20231208_500119080_18:04,0.386874
20231208_500119080_18:06,0.353572
20231208_500119080_18:07,0.282698
20231208_500119080_18:08,0.255507
20231208_500119080_18:09,0.278094
20231208_500119080_18:10,0.298776
20231208_500119080_18:11,0.285581
20231208_500119080_18:12,0.236085
20231208_500119080_18:13,0.181683
20231208_500119080_18:14,0.168981
20231208_500119080_18:15,0.235963
20231208_500119080_18:16,0.298922
20231208_500119080_18:17,0.305889
20231208_500119080_18:18,0.250089
20231208_500119080_18:19,0.169538
20231208_500119080_18:21,0.135320
20231208_500119080_18:22,0.167059
20231208_500119080_18:23,0.193700
20231208_500119080_18:24,0.217948
20231208_500119080_18:25,0.195884
20231208_500119080_18:26,0.199647
20231208_500119080_18:27,0.209085
20231208_500119080_18:28,0.213808
20231208_500119080_18:29,0.195811
20231208_500119080_18:31,0.115188
20231208_500119080_18:32,0.067255
20231208_500119080_18:33,0.069068
20231208_500119080_18:34,0.101042
20231208_500119080_18:35,0.116933
20231208_500119080_18:36,0.105124
20231208_500119080_18:37,0.059884
20231208_500119080_18:38,0.037133
20231208_500119080_18:39,0.052182
20231208_500119080_18:40,0.111615
20231208_500119080_18:41,0.196111
20231208_500119080_18:42,0.230544
20231208_500119080_18:43,0.200245
20231208_500119080_18:44,0.149283
20231208_500119080_18:45,0.146573
20231208_500119080_18:46,0.173042
20231208_500119080_18:47,0.221641
20231208_500119080_18:48,0.240963
20231208_500119080_18:49,0.222737
20231208_500119080_18:50,0.245633
20231208_500119080_18:51,0.272234
20231208_500119080_18:52,0.287986
20231208_500119080_18:53,0.278944
20231208_500119080_18:54,0.327067
20231208_500119080_18:55,0.325988
20231208_500119080_18:56,0.274761
20231208_500119080_18:57,0.241527
20231208_500119080_18:58,0.227648
20231208_500119080_18:59,0.239623
20231208_500119080_19:01,0.259957
20231208_500119080_19:02,0.202118
20231208_500119080_19:03,0.160174
20231208_500119080_19:04,0.162328
20231208_500119080_19:05,0.162714
20231208_500119080_19:06,0.232822
20231208_500119080_19:07,0.257586
20231208_500119080_19:08,0.215146
20231208_500119080_19:09,0.129857
20231208_500119080_19:10,0.068805
20231208_500119080_19:11,0.064333
20231208_500119080_19:12,0.092671
20231208_500119080_19:13,0.106141
20231208_500119080_19:14,0.085441
20231208_500119080_19:16,0.069143
20231208_500119080_19:18,0.100028
20231208_500119080_19:19,0.124496
20231208_500119080_19:21,0.065175
20231208_500119080_19:22,0.000388
20231208_500119080_19:23,0.008499
20231208_500119080_19:24,0.032495
20231208_500119080_19:25,0.109118
20231208_500119080_19:26,0.087407
20231208_500119080_19:27,0.036587
20231208_500119080_19:28,0.015789
20231208_500119080_19:29,0.018663
20231208_500119080_19:31,0.127256
20231208_500119080_19:32,0.174888
20231208_500119080_19:33,0.156084
20231208_500119080_19:34,0.097609
20231208_500119080_19:35,0.112309
20231208_500119080_19:36,0.120395
20231208_500119080_19:37,0.141069
20231208_500119080_19:38,0.167553
20231208_500119080_19:39,0.177025
20231208_500119080_19:40,0.184356
20231208_500119080_19:41,0.181352
20231208_500119080_19:42,0.178144
20231208_500119080_19:43,0.209198
20231208_500119080_19:44,0.273261
20231208_500119080_19:45,0.318971
20231208_500119080_19:46,0.277106
20231208_500119080_19:47,0.205919
20231208_500119080_19:48,0.159702
20231208_500119080_19:49,0.167030
20231208_500119080_19:50,0.201602
20231208_500119080_19:51,0.220968
20231208_500119080_19:52,0.198284
20231208_500119080_19:53,0.148716
20231208_500119080_19:54,0.115778
20231208_500119080_19:55,0.182466
20231208_500119080_19:56,0.231092
20231208_500119080_19:57,0.268586
20231208_500119080_19:58,0.257036
20231208_500119080_19:59,0.200975
20231208_500119080_20:01,0.125009
20231208_500119080_20:02,0.151459
20231208_500119080_20:03,0.201041
20231208_500119080_20:04,0.237938
20231208_500119080_20:05,0.275644
20231208_500119080_20:06,0.245138
20231208_500119080_20:07,0.246485
20231208_500119080_20:08,0.292342
20231208_500119080_20:09,0.351623
20231208_500119080_20:10,0.376122
20231208_500119080_20:11,0.343891
20231208_500119080_20:12,0.279720
20231208_500119080_20:13,0.233825
20231208_500119080_20:14,0.222117
20231208_500119080_20:15,0.267732
20231208_500119080_20:16,0.304645
20231208_500119080_20:17,0.318344
20231208_500119080_20:18,0.294489
20231208_500119080_20:19,0.262260
20231208_500119080_20:21,0.319614
20231208_500119080_20:22,0.392809
20231208_500119080_20:23,0.432904
20231208_500119080_20:24,0.403786
20231208_500119080_20:25,0.409740
20231208_500119080_20:26,0.406115
20231208_500119080_20:27,0.451692
20231208_500119080_20:28,0.514005
20231208_500119080_20:29,0.550816
20231208_500119080_20:31,0.528544
20231208_500119080_20:32,0.540376
20231208_500119080_20:33,0.599989
20231208_500119080_20:34,0.678547
20231208_500119080_20:35,0.687392
20231208_500119080_20:36,0.663705
20231208_500119080_20:37,0.588201
20231208_500119080_20:38,0.511130
20231208_500119080_20:39,0.473699
20231208_500119080_20:40,0.474882
20231208_500119080_20:41,0.478083
20231208_500119080_20:42,0.450317
20231208_500119080_20:43,0.396698
20231208_500119080_20:44,0.357664
20231208_500119080_20:45,0.455695
20231208_500119080_20:46,0.519186
20231208_500119080_20:47,0.587547
20231208_500119080_20:48,0.609441
20231208_500119080_20:49,0.570294
20231208_500119080_20:50,0.503152
20231208_500119080_20:51,0.458000
20231208_500119080_20:52,0.457711
20231208_500119080_20:53,0.480507
20231208_500119080_20:54,0.484104
20231208_500119080_20:55,0.472931
20231208_500119080_20:56,0.419941
20231208_500119080_20:57,0.394492
20231208_500119080_20:58,0.420265
20231208_500119080_20:59,0.474567
20231208_500119080_21:01,0.474514
20231208_500119080_21:02,0.412853
20231208_500119080_21:03,0.335309
20231208_500119080_21:04,0.287016
20231208_500119080_21:05,0.336742
20231208_500119080_21:06,0.389565
20231208_500119080_21:07,0.422461
20231208_500119080_21:08,0.405449
20231208_500119080_21:09,0.333138
20231208_500119080_21:10,0.271543
20231208_500119080_21:11,0.306030
20231208_500119080_21:12,0.401537
20231208_500119080_21:13,0.498171
20231208_500119080_21:14,0.531372
20231208_500119080_21:15,0.564999
20231208_500119080_21:16,0.528831
20231208_500119080_21:17,0.534609
20231208_500119080_21:18,0.584690
20231208_500119080_21:19,0.632490
20231208_500119080_21:21,0.569460
20231208_500119080_21:22,0.505331
20231208_500119080_21:23,0.512649
20231208_500119080_21:24,0.577525
20231208_500119080_21:25,0.665663
20231208_500119080_21:26,0.707588
20231208_500119080_21:27,0.685170
20231208_500119080_21:28,0.620248
20231208_500119080_21:29,0.560248
20231208_500119080_21:31,0.614632
20231208_500119080_21:32,0.661255
20231208_500119080_21:33,0.643587
20231208_500119080_21:34,0.563918
20231208_500119080_21:35,0.539476
20231208_500119080_21:36,0.525032
20231208_500119080_21:37,0.594003
20231208_500119080_21:38,0.667100
20231208_500119080_21:39,0.692895
20231208_500119080_21:40,0.642957
20231208_500119080_21:41,0.560491
20231208_500119080_21:42,0.515198
20231208_500119080_21:43,0.542310
20231208_500119080_21:44,0.603449
20231208_500119080_21:45,0.632940
20231208_500119080_21:46,0.592261
20231208_500119080_21:47,0.514026
20231208_500119080_21:48,0.469569
20231208_500119080_21:49,0.536255
20231208_500119080_21:50,0.656879
20231208_500119080_21:51,0.756624
20231208_500119080_21:52,0.819616
20231208_500119080_21:53,0.784107
20231208_500119080_21:54,0.709376
20231208_500119080_21:55,0.673678
20231208_500119080_21:56,0.707012
20231208_500119080_21:57,0.750190
20231208_500119080_21:58,0.745327
20231208_500119080_21:59,0.665394
20231208_500119080_22:01,0.574603
20231208_500119080_22:02,0.637797
20231208_500119080_22:03,0.713502
20231208_500119080_22:04,0.735989
20231208_500119080_22:05,0.729065
20231208_500119080_22:06,0.626784
20231208_500119080_22:07,0.548463
20231208_500119080_22:08,0.554107
20231208_500119080_22:09,0.604734
20231208_500119080_22:10,0.641470
20231208_500119080_22:11,0.609239
20231208_500119080_22:12,0.562615
20231208_500119080_22:13,0.584636
20231208_500119080_22:14,0.675918
20231208_500119080_22:15,0.786389
20231208_500119080_22:16,0.835359
20231208_500119080_22:17,0.812142
20231208_500119080_22:18,0.744416
20231208_500119080_22:19,0.686220
20231208_500119080_22:21,0.690028
20231208_500119080_22:22,0.703972
20231208_500119080_22:23,0.682598
20231208_500119080_22:24,0.627936
20231208_500119080_22:25,0.648411
20231208_500119080_22:26,0.674206
20231208_500119080_22:27,0.735978
20231208_500119080_22:28,0.782602
20231208_500119080_22:29,0.769552
20231208_500119080_22:31,0.624033
20231208_500119080_22:32,0.570932
20231208_500119080_22:33,0.568806
20231208_500119080_22:34,0.598578
20231208_500119080_22:35,0.634729
20231208_500119080_22:36,0.628188
20231208_500119080_22:37,0.631171
20231208_500119080_22:38,0.638972
20231208_500119080_22:39,0.708862
20231208_500119080_22:40,0.801355
20231208_500119080_22:41,0.852487
20231208_500119080_22:42,0.832669
20231208_500119080_22:43,0.763367
20231208_500119080_22:44,0.697734
20231208_500119080_22:45,0.675032
20231208_500119080_22:46,0.689888
20231208_500119080_22:47,0.703301
20231208_500119080_22:48,0.683811
20231208_500119080_22:49,0.639721
20231208_500119080_22:50,0.612027
20231208_500119080_22:51,0.634515
20231208_500119080_22:52,0.698405
20231208_500119080_22:53,0.755217
20231208_500119080_22:54,0.756676
20231208_500119080_22:55,0.673343
20231208_500119080_22:56,0.608058
20231208_500119080_22:57,0.565955
20231208_500119080_22:58,0.550338
20231208_500119080_22:59,0.583289
20231208_500119080_23:01,0.628604
20231208_500119080_23:02,0.636679
20231208_500119080_23:04,0.686000
20231208_500119080_23:05,0.747245
20231208_500119080_23:07,0.799837
20231208_500119080_23:08,0.735028
20231208_500119080_23:09,0.665812
20231208_500119080_23:10,0.635808
20231208_500119080_23:11,0.645928
20231208_500119080_23:12,0.663289
20231208_500119080_23:14,0.607632
20231208_500119080_23:15,0.592064
20231208_500119080_23:16,0.602696
20231208_500119080_23:17,0.658360
20231208_500119080_23:18,0.714199
20231208_500119080_23:19,0.719205
20231208_500119080_23:21,0.586579
20231208_500119080_23:22,0.512260
20231208_500119080_23:23,0.505945
20231208_500119080_23:24,0.535065
20231208_500119080_23:25,0.582523
20231208_500119080_23:26,0.583167
20231208_500119080_23:27,0.559562
20231208_500119080_23:28,0.548541
20231208_500119080_23:29,0.616985
20231208_500119080_23:30,0.713769
20231208_500119080_23:31,0.783483
20231208_500119080_23:32,0.785485
20231208_500119080_23:33,0.742385
20231208_500119080_23:34,0.682734
20231208_500119080_23:35,0.685374
20231208_500119080_23:36,0.710935
20231208_500119080_23:37,0.760290
20231208_500119080_23:38,0.773465
20231208_500119080_23:39,0.722841
20231208_500119080_23:40,0.642246
20231208_500119080_23:41,0.626750
20231208_500119080_23:42,0.685801
20231208_500119080_23:43,0.752480
20231208_500119080_23:44,0.773648
20231208_500119080_23:45,0.736846
20231208_500119080_23:46,0.670804
20231208_500119080_23:47,0.609987
20231208_500119080_23:48,0.618923
20231208_500119080_23:49,0.673969
20231208_500119080_23:50,0.731530
20231208_500119080_23:51,0.752501
20231208_500119080_23:52,0.738161
20231208_500119080_23:53,0.727004
20231208_500119080_23:54,0.755776
20231208_500119080_23:55,0.821299
20231208_500119080_23:56,0.879161
20231208_500119080_23:57,0.881445
20231208_500119080_23:58,0.819527
20231208_500119080_23:59,0.733120
