20231202_500101009_00:01,2.634456
20231202_500101009_00:02,2.694655
20231202_500101009_00:03,2.700955
20231202_500101009_00:04,2.669940
20231202_500101009_00:05,2.660902
20231202_500101009_00:06,2.679065
20231202_500101009_00:07,2.741687
20231202_500101009_00:08,2.844631
20231202_500101009_00:09,2.926852
20231202_500101009_00:10,2.914838
20231202_500101009_00:11,2.895340
20231202_500101009_00:12,2.877115
20231202_500101009_00:13,2.870644
20231202_500101009_00:14,2.857499
20231202_500101009_00:15,2.803341
20231202_500101009_00:16,2.699854
20231202_500101009_00:17,2.573729
20231202_500101009_00:18,2.506486
20231202_500101009_00:19,2.555781
20231202_500101009_00:21,2.705245
20231202_500101009_00:22,2.793987
20231202_500101009_00:23,2.856780
20231202_500101009_00:24,2.854760
20231202_500101009_00:25,2.850538
20231202_500101009_00:26,2.898993
20231202_500101009_00:27,3.004464
20231202_500101009_00:28,3.144977
20231202_500101009_00:29,3.186170
20231202_500101009_00:30,3.172006
20231202_500101009_00:31,3.151271
20231202_500101009_00:32,3.196141
20231202_500101009_00:33,3.304513
20231202_500101009_00:34,3.418015
20231202_500101009_00:35,3.462445
20231202_500101009_00:36,3.418056
20231202_500101009_00:37,3.335145
20231202_500101009_00:38,3.327971
20231202_500101009_00:39,3.338308
20231202_500101009_00:40,3.378034
20231202_500101009_00:41,3.361076
20231202_500101009_00:42,3.294860
20231202_500101009_00:43,3.247532
20231202_500101009_00:44,3.283325
20231202_500101009_00:45,3.383320
20231202_500101009_00:46,3.535076
20231202_500101009_00:47,3.655941
20231202_500101009_00:48,3.709447
20231202_500101009_00:49,3.668821
20231202_500101009_00:50,3.658208
20231202_500101009_00:51,3.679859
20231202_500101009_00:52,3.690050
20231202_500101009_00:53,3.710392
20231202_500101009_00:54,3.664422
20231202_500101009_00:55,3.497503
20231202_500101009_00:56,3.422550
20231202_500101009_00:57,3.513921
20231202_500101009_00:58,3.587012
20231202_500101009_00:59,3.628194
20231202_500101009_01:01,3.542014
20231202_500101009_01:02,3.464016
20231202_500101009_01:03,3.412095
20231202_500101009_01:04,3.414077
20231202_500101009_01:05,3.397304
20231202_500101009_01:06,3.274657
20231202_500101009_01:07,3.121988
20231202_500101009_01:08,3.065434
20231202_500101009_01:09,3.120584
20231202_500101009_01:10,3.235970
20231202_500101009_01:11,3.353751
20231202_500101009_01:12,3.392560
20231202_500101009_01:13,3.398417
20231202_500101009_01:14,3.351144
20231202_500101009_01:15,3.315703
20231202_500101009_01:16,3.348190
20231202_500101009_01:17,3.419512
20231202_500101009_01:18,3.547271
20231202_500101009_01:19,3.605392
20231202_500101009_01:21,3.553371
20231202_500101009_01:23,3.846248
20231202_500101009_01:24,4.027697
20231202_500101009_01:26,4.059454
20231202_500101009_01:27,3.982233
20231202_500101009_01:29,4.042510
20231202_500101009_01:30,4.093438
20231202_500101009_01:31,4.064322
20231202_500101009_01:33,3.975266
20231202_500101009_01:34,4.043804
20231202_500101009_01:35,4.200071
20231202_500101009_01:36,4.342879
20231202_500101009_01:37,4.376106
20231202_500101009_01:38,4.316766
20231202_500101009_01:39,4.222157
20231202_500101009_01:41,4.234874
20231202_500101009_01:42,4.282784
20231202_500101009_01:43,4.278335
20231202_500101009_01:44,4.184709
20231202_500101009_01:45,4.172865
20231202_500101009_01:46,4.259063
20231202_500101009_01:47,4.380892
20231202_500101009_01:48,4.495405
20231202_500101009_01:49,4.558259
20231202_500101009_01:51,4.541936
20231202_500101009_01:52,4.503710
20231202_500101009_01:53,4.491397
20231202_500101009_01:54,4.504282
20231202_500101009_01:55,4.516110
20231202_500101009_01:56,4.480616
20231202_500101009_01:57,6.718292
20231202_500101009_01:58,6.801792
20231202_500101009_01:59,6.845725
20231202_500101009_02:01,6.766142
20231202_500101009_02:02,6.681041
20231202_500101009_02:03,6.621215
20231202_500101009_02:04,6.602430
20231202_500101009_02:05,6.631965
20231202_500101009_02:06,6.724215
20231202_500101009_02:07,6.764009
20231202_500101009_02:08,6.789425
20231202_500101009_02:09,6.835460
20231202_500101009_02:11,7.025533
20231202_500101009_02:12,7.147295
20231202_500101009_02:13,7.188221
20231202_500101009_02:14,7.172009
20231202_500101009_02:15,7.123054
20231202_500101009_02:16,7.133821
20231202_500101009_02:17,7.198372
20231202_500101009_02:18,7.287863
20231202_500101009_02:19,7.390896
20231202_500101009_02:21,7.459563
20231202_500101009_02:22,7.515904
20231202_500101009_02:23,7.608855
20231202_500101009_02:24,7.685435
20231202_500101009_02:26,7.723695
20231202_500101009_02:27,7.697501
20231202_500101009_02:28,7.652708
20231202_500101009_02:29,7.660074
20231202_500101009_02:30,7.714785
20231202_500101009_02:31,7.777403
20231202_500101009_02:32,7.813814
20231202_500101009_02:33,7.859094
20231202_500101009_02:34,7.930506
20231202_500101009_02:35,8.085940
20231202_500101009_02:36,8.204241
20231202_500101009_02:37,8.280290
20231202_500101009_02:38,8.257431
20231202_500101009_02:39,8.196137
20231202_500101009_02:40,8.118505
20231202_500101009_02:41,8.065587
20231202_500101009_02:42,8.041948
20231202_500101009_02:43,8.019129
20231202_500101009_02:44,7.969235
20231202_500101009_02:45,7.923715
20231202_500101009_02:46,7.889641
20231202_500101009_02:47,7.874586
20231202_500101009_02:48,7.902224
20231202_500101009_02:49,7.955456
20231202_500101009_02:50,8.022961
20231202_500101009_02:51,7.948438
20231202_500101009_02:52,7.840132
20231202_500101009_02:53,7.758527
20231202_500101009_02:54,7.752559
20231202_500101009_02:55,7.799011
20231202_500101009_02:56,7.851839
20231202_500101009_02:57,5.341516
20231202_500101009_02:58,5.392740
20231202_500101009_02:59,5.402623
20231202_500101009_03:00,5.378089
20231202_500101009_03:01,5.359457
20231202_500101009_03:02,5.397044
20231202_500101009_03:03,5.557223
20231202_500101009_03:04,5.742028
20231202_500101009_03:05,5.889844
20231202_500101009_03:06,5.965457
20231202_500101009_03:07,5.985098
20231202_500101009_03:08,5.992664
20231202_500101009_03:09,6.016177
20231202_500101009_03:10,6.085290
20231202_500101009_03:11,6.085092
20231202_500101009_03:12,6.042592
20231202_500101009_03:13,6.014968
20231202_500101009_03:14,5.963587
20231202_500101009_03:15,6.031181
20231202_500101009_03:16,6.082733
20231202_500101009_03:17,6.130680
20231202_500101009_03:18,6.214665
20231202_500101009_03:19,6.262887
20231202_500101009_03:21,6.246407
20231202_500101009_03:22,6.268387
20231202_500101009_03:23,6.285273
20231202_500101009_03:24,6.270874
20231202_500101009_03:25,6.295925
20231202_500101009_03:26,6.269178
20231202_500101009_03:27,6.301497
20231202_500101009_03:28,6.383964
20231202_500101009_03:29,6.475645
20231202_500101009_03:30,6.542000
20231202_500101009_03:31,6.609921
20231202_500101009_03:32,6.610291
20231202_500101009_03:33,6.582807
20231202_500101009_03:34,6.610303
20231202_500101009_03:35,6.630856
20231202_500101009_03:36,6.589468
20231202_500101009_03:37,6.557759
20231202_500101009_03:38,6.505402
20231202_500101009_03:39,6.384393
20231202_500101009_03:40,6.372385
20231202_500101009_03:41,6.399457
20231202_500101009_03:42,6.472379
20231202_500101009_03:43,6.572635
20231202_500101009_03:44,6.624460
20231202_500101009_03:45,6.555527
20231202_500101009_03:46,6.494502
20231202_500101009_03:47,6.489400
20231202_500101009_03:48,6.542394
20231202_500101009_03:49,6.554226
20231202_500101009_03:50,6.510007
20231202_500101009_03:51,6.449649
20231202_500101009_03:52,6.394086
20231202_500101009_03:53,6.427139
20231202_500101009_03:54,6.516149
20231202_500101009_03:55,6.612937
20231202_500101009_03:56,6.678172
20231202_500101009_03:57,6.691974
20231202_500101009_03:58,6.665310
20231202_500101009_03:59,6.651509
20231202_500101009_04:00,6.674248
20231202_500101009_04:01,6.704432
20231202_500101009_04:02,6.717974
20231202_500101009_04:03,6.608579
20231202_500101009_04:04,6.510737
20231202_500101009_04:05,6.509457
20231202_500101009_04:06,6.532517
20231202_500101009_04:07,6.609496
20231202_500101009_04:08,6.678408
20231202_500101009_04:09,6.713962
20231202_500101009_04:10,6.712702
20231202_500101009_04:11,6.689724
20231202_500101009_04:12,6.677645
20231202_500101009_04:13,6.679755
20231202_500101009_04:14,6.646131
20231202_500101009_04:15,6.570524
20231202_500101009_04:16,6.503351
20231202_500101009_04:17,6.488644
20231202_500101009_04:18,6.525769
20231202_500101009_04:19,6.576234
20231202_500101009_04:21,6.644698
20231202_500101009_04:22,6.658053
20231202_500101009_04:23,6.688931
20231202_500101009_04:24,6.736732
20231202_500101009_04:25,6.768459
20231202_500101009_04:26,6.741498
20231202_500101009_04:27,6.646461
20231202_500101009_04:28,6.539042
20231202_500101009_04:29,6.449678
20231202_500101009_04:30,6.413498
20231202_500101009_04:31,6.423347
20231202_500101009_04:32,6.400569
20231202_500101009_04:33,6.394896
20231202_500101009_04:34,6.376720
20231202_500101009_04:35,6.365900
20231202_500101009_04:36,6.383048
20231202_500101009_04:37,6.463467
20231202_500101009_04:38,6.491871
20231202_500101009_04:39,6.425153
20231202_500101009_04:40,6.286067
20231202_500101009_04:41,6.168189
20231202_500101009_04:42,6.118087
20231202_500101009_04:44,6.181992
20231202_500101009_04:45,6.226575
20231202_500101009_04:46,6.248545
20231202_500101009_04:47,6.263483
20231202_500101009_04:48,6.256933
20231202_500101009_04:49,6.314217
20231202_500101009_04:50,6.398521
20231202_500101009_04:51,6.409524
20231202_500101009_04:52,6.323355
20231202_500101009_04:53,6.231180
20231202_500101009_04:54,6.158801
20231202_500101009_04:55,6.147202
20231202_500101009_04:56,6.195504
20231202_500101009_04:57,6.265059
20231202_500101009_04:58,6.299032
20231202_500101009_04:59,6.324910
20231202_500101009_05:01,6.358958
20231202_500101009_05:02,6.431905
20231202_500101009_05:03,6.508852
20231202_500101009_05:04,6.477453
20231202_500101009_05:05,6.414587
20231202_500101009_05:06,6.340305
20231202_500101009_05:07,6.320961
20231202_500101009_05:08,6.378822
20231202_500101009_05:09,6.474506
20231202_500101009_05:10,6.500668
20231202_500101009_05:11,6.564745
20231202_500101009_05:13,6.600490
20231202_500101009_05:14,6.639859
20231202_500101009_05:15,6.690270
20231202_500101009_05:16,6.699524
20231202_500101009_05:17,6.679300
20231202_500101009_05:18,6.600771
20231202_500101009_05:19,6.521880
20231202_500101009_05:21,6.505293
20231202_500101009_05:22,6.546446
20231202_500101009_05:23,6.678775
20231202_500101009_05:24,6.744027
20231202_500101009_05:25,6.807932
20231202_500101009_05:26,6.907097
20231202_500101009_05:27,6.962199
20231202_500101009_05:28,7.003345
20231202_500101009_05:29,7.021702
20231202_500101009_05:31,6.989850
20231202_500101009_05:32,6.967338
20231202_500101009_05:33,6.963332
20231202_500101009_05:34,6.982297
20231202_500101009_05:35,7.058735
20231202_500101009_05:36,7.130045
20231202_500101009_05:37,7.197655
20231202_500101009_05:38,7.216986
20231202_500101009_05:39,7.191345
20231202_500101009_05:41,7.153093
20231202_500101009_05:42,7.095928
20231202_500101009_05:43,7.047954
20231202_500101009_05:44,6.993990
20231202_500101009_05:45,6.935956
20231202_500101009_05:46,6.967801
20231202_500101009_05:47,7.055325
20231202_500101009_05:48,7.161926
20231202_500101009_05:49,7.158711
20231202_500101009_05:51,7.313724
20231202_500101009_05:52,7.404054
20231202_500101009_05:53,7.444709
20231202_500101009_05:54,7.441487
20231202_500101009_05:55,7.328993
20231202_500101009_05:56,7.296716
20231202_500101009_05:57,7.298803
20231202_500101009_05:58,7.286315
20231202_500101009_05:59,7.249475
20231202_500101009_06:00,7.298303
20231202_500101009_06:01,7.394246
20231202_500101009_06:02,7.434038
20231202_500101009_06:03,7.392400
20231202_500101009_06:04,7.330276
20231202_500101009_06:05,7.242726
20231202_500101009_06:06,7.156814
20231202_500101009_06:07,7.078431
20231202_500101009_06:08,6.993211
20231202_500101009_06:09,6.833450
20231202_500101009_06:11,6.633997
20231202_500101009_06:12,6.603854
20231202_500101009_06:13,6.547301
20231202_500101009_06:14,6.606614
20231202_500101009_06:15,6.624120
20231202_500101009_06:16,6.640065
20231202_500101009_06:17,6.578174
20231202_500101009_06:18,6.591629
20231202_500101009_06:19,6.612174
20231202_500101009_06:21,6.591737
20231202_500101009_06:22,6.578192
20231202_500101009_06:23,6.574493
20231202_500101009_06:24,6.645704
20231202_500101009_06:25,6.754512
20231202_500101009_06:26,6.882283
20231202_500101009_06:27,6.995236
20231202_500101009_06:28,7.049272
20231202_500101009_06:29,7.045997
20231202_500101009_06:30,7.013537
20231202_500101009_06:31,6.936106
20231202_500101009_06:32,6.909388
20231202_500101009_06:33,6.823977
20231202_500101009_06:34,6.796748
20231202_500101009_06:35,6.676689
20231202_500101009_06:36,6.660740
20231202_500101009_06:37,6.722308
20231202_500101009_06:38,6.830530
20231202_500101009_06:39,6.941942
20231202_500101009_06:40,7.029628
20231202_500101009_06:41,7.066152
20231202_500101009_06:42,7.059450
20231202_500101009_06:43,7.069708
20231202_500101009_06:44,7.102298
20231202_500101009_06:45,7.136580
20231202_500101009_06:46,7.145744
20231202_500101009_06:47,7.124404
20231202_500101009_06:48,7.098534
20231202_500101009_06:49,7.104342
20231202_500101009_06:50,7.108993
20231202_500101009_06:51,7.149574
20231202_500101009_06:52,7.230437
20231202_500101009_06:53,7.235703
20231202_500101009_06:54,7.170626
20231202_500101009_06:55,7.155479
20231202_500101009_06:56,7.156892
20231202_500101009_06:57,7.164756
20231202_500101009_06:58,7.173701
20231202_500101009_06:59,7.135870
20231202_500101009_07:00,7.059129
20231202_500101009_07:01,7.029163
20231202_500101009_07:02,7.056390
20231202_500101009_07:03,7.135280
20231202_500101009_07:04,7.177723
20231202_500101009_07:05,7.232226
20231202_500101009_07:06,7.202363
20231202_500101009_07:07,7.135043
20231202_500101009_07:08,7.068199
20231202_500101009_07:09,7.017601
20231202_500101009_07:10,7.009664
20231202_500101009_07:11,6.980238
20231202_500101009_07:12,6.898635
20231202_500101009_07:13,6.859292
20231202_500101009_07:14,6.841051
20231202_500101009_07:15,6.943288
20231202_500101009_07:16,7.036657
20231202_500101009_07:17,7.133991
20231202_500101009_07:18,7.189557
20231202_500101009_07:19,7.196846
20231202_500101009_07:21,7.178915
20231202_500101009_07:22,7.163943
20231202_500101009_07:23,7.081518
20231202_500101009_07:24,7.084749
20231202_500101009_07:25,7.084951
20231202_500101009_07:26,7.095873
20231202_500101009_07:27,7.134316
20231202_500101009_07:28,7.202973
20231202_500101009_07:29,7.223397
20231202_500101009_07:30,7.222297
20231202_500101009_07:31,7.232243
20231202_500101009_07:32,7.193394
20231202_500101009_07:33,7.106011
20231202_500101009_07:34,7.039402
20231202_500101009_07:35,6.911577
20231202_500101009_07:36,6.836618
20231202_500101009_07:37,6.704782
20231202_500101009_07:38,6.593456
20231202_500101009_07:39,6.522346
20231202_500101009_07:40,6.458947
20231202_500101009_07:41,6.421932
20231202_500101009_07:42,6.397579
20231202_500101009_07:43,6.311794
20231202_500101009_07:44,6.193666
20231202_500101009_07:45,6.185392
20231202_500101009_07:46,6.112771
20231202_500101009_07:47,5.989930
20231202_500101009_07:48,5.857953
20231202_500101009_07:49,5.758153
20231202_500101009_07:50,5.705070
20231202_500101009_07:51,5.675448
20231202_500101009_07:52,5.625426
20231202_500101009_07:53,5.565925
20231202_500101009_07:54,5.521088
20231202_500101009_07:55,5.505657
20231202_500101009_07:56,5.521075
20231202_500101009_07:57,5.565599
20231202_500101009_07:58,5.570689
20231202_500101009_07:59,5.478325
20231202_500101009_08:01,5.330480
20231202_500101009_08:02,5.228092
20231202_500101009_08:03,5.145452
20231202_500101009_08:04,5.073496
20231202_500101009_08:05,5.024071
20231202_500101009_08:06,4.989112
20231202_500101009_08:07,4.969503
20231202_500101009_08:08,4.973691
20231202_500101009_08:09,4.942396
20231202_500101009_08:10,4.919669
20231202_500101009_08:11,4.887400
20231202_500101009_08:12,4.846779
20231202_500101009_08:13,4.758686
20231202_500101009_08:14,4.747221
20231202_500101009_08:15,4.707647
20231202_500101009_08:16,4.659846
20231202_500101009_08:17,4.656231
20231202_500101009_08:18,4.675347
20231202_500101009_08:19,4.743527
20231202_500101009_08:21,4.836861
20231202_500101009_08:22,4.828497
20231202_500101009_08:23,4.789295
20231202_500101009_08:24,4.767969
20231202_500101009_08:25,4.660781
20231202_500101009_08:26,4.582176
20231202_500101009_08:27,4.488443
20231202_500101009_08:28,4.358886
20231202_500101009_08:29,4.264122
20231202_500101009_08:31,4.043825
20231202_500101009_08:32,3.993375
20231202_500101009_08:33,3.969787
20231202_500101009_08:34,3.874749
20231202_500101009_08:35,3.774194
20231202_500101009_08:36,3.701329
20231202_500101009_08:37,3.577749
20231202_500101009_08:38,3.420531
20231202_500101009_08:39,3.340553
20231202_500101009_08:40,3.235006
20231202_500101009_08:41,3.137371
20231202_500101009_08:42,3.155324
20231202_500101009_08:43,3.068496
20231202_500101009_08:44,2.959489
20231202_500101009_08:45,3.017713
20231202_500101009_08:46,3.049284
20231202_500101009_08:47,3.069598
20231202_500101009_08:48,3.101887
20231202_500101009_08:49,3.064042
20231202_500101009_08:50,3.016129
20231202_500101009_08:51,3.019150
20231202_500101009_08:52,3.016358
20231202_500101009_08:53,3.042617
20231202_500101009_08:54,3.001631
20231202_500101009_08:55,2.983137
20231202_500101009_08:56,2.877441
20231202_500101009_08:58,2.775535
20231202_500101009_08:59,2.854784
20231202_500101009_09:01,2.957840
20231202_500101009_09:03,2.722411
20231202_500101009_09:04,2.676925
20231202_500101009_09:05,2.803818
20231202_500101009_09:06,2.933772
20231202_500101009_09:08,3.021433
20231202_500101009_09:09,2.995994
20231202_500101009_09:11,3.114823
20231202_500101009_09:12,3.240042
20231202_500101009_09:13,3.295608
20231202_500101009_09:14,3.307122
20231202_500101009_09:15,3.239904
20231202_500101009_09:16,3.168676
20231202_500101009_09:18,3.307119
20231202_500101009_09:19,3.366138
20231202_500101009_09:21,3.195561
20231202_500101009_09:23,3.018672
20231202_500101009_09:25,3.080453
20231202_500101009_09:26,3.088814
20231202_500101009_09:27,2.977981
20231202_500101009_09:28,2.789347
20231202_500101009_09:29,2.633882
20231202_500101009_09:30,2.601470
20231202_500101009_09:32,2.714449
20231202_500101009_09:33,2.654387
20231202_500101009_09:34,2.496082
20231202_500101009_09:35,2.425927
20231202_500101009_09:36,2.487678
20231202_500101009_09:37,2.627563
20231202_500101009_09:38,2.780774
20231202_500101009_09:39,2.848184
20231202_500101009_09:41,2.753069
20231202_500101009_09:42,2.761628
20231202_500101009_09:43,2.868852
20231202_500101009_09:45,3.029685
20231202_500101009_09:46,2.986808
20231202_500101009_09:47,2.919721
20231202_500101009_09:48,2.937488
20231202_500101009_09:49,3.026769
20231202_500101009_09:50,3.096223
20231202_500101009_09:52,3.137691
20231202_500101009_09:53,3.031288
20231202_500101009_09:55,3.036876
20231202_500101009_09:56,3.158885
20231202_500101009_09:57,3.223542
20231202_500101009_09:58,3.295395
20231202_500101009_09:59,3.321362
20231202_500101009_10:01,3.589138
20231202_500101009_10:02,3.699038
20231202_500101009_10:03,3.728935
20231202_500101009_10:04,3.790022
20231202_500101009_10:05,3.752254
20231202_500101009_10:06,3.663803
20231202_500101009_10:07,3.624523
20231202_500101009_10:08,3.622886
20231202_500101009_10:09,3.634025
20231202_500101009_10:10,3.682861
20231202_500101009_10:11,3.616052
20231202_500101009_10:12,3.467171
20231202_500101009_10:13,3.453328
20231202_500101009_10:14,3.399333
20231202_500101009_10:15,3.376826
20231202_500101009_10:16,3.327716
20231202_500101009_10:17,3.216181
20231202_500101009_10:18,3.056829
20231202_500101009_10:19,2.878829
20231202_500101009_10:21,2.833558
20231202_500101009_10:22,2.875735
20231202_500101009_10:23,2.913050
20231202_500101009_10:24,2.875992
20231202_500101009_10:25,2.884660
20231202_500101009_10:26,3.000272
20231202_500101009_10:27,3.120577
20231202_500101009_10:28,3.219373
20231202_500101009_10:29,3.328062
20231202_500101009_10:31,3.406599
20231202_500101009_10:32,3.437747
20231202_500101009_10:33,3.451484
20231202_500101009_10:34,3.463029
20231202_500101009_10:35,3.467513
20231202_500101009_10:36,3.471849
20231202_500101009_10:37,3.496368
20231202_500101009_10:38,3.511778
20231202_500101009_10:39,3.553905
20231202_500101009_10:40,3.593191
20231202_500101009_10:41,3.668503
20231202_500101009_10:42,3.679482
20231202_500101009_10:43,3.598844
20231202_500101009_10:44,3.512522
20231202_500101009_10:45,3.448713
20231202_500101009_10:47,3.655530
20231202_500101009_10:48,3.743106
20231202_500101009_10:49,3.715567
20231202_500101009_10:50,3.667754
20231202_500101009_10:51,3.718577
20231202_500101009_10:52,3.859890
20231202_500101009_10:53,4.013083
20231202_500101009_10:54,4.163291
20231202_500101009_10:55,4.134772
20231202_500101009_10:56,4.068228
20231202_500101009_10:57,4.049320
20231202_500101009_10:58,4.024045
20231202_500101009_10:59,3.993004
20231202_500101009_11:01,3.828140
20231202_500101009_11:02,3.648944
20231202_500101009_11:03,3.489801
20231202_500101009_11:04,3.414205
20231202_500101009_11:05,3.402892
20231202_500101009_11:06,3.484438
20231202_500101009_11:07,3.508406
20231202_500101009_11:08,3.366605
20231202_500101009_11:11,2.935928
20231202_500101009_11:12,2.975256
20231202_500101009_11:13,3.007308
20231202_500101009_11:14,2.917611
20231202_500101009_11:15,2.842093
20231202_500101009_11:16,2.866846
20231202_500101009_11:17,2.966930
20231202_500101009_11:18,3.024836
20231202_500101009_11:19,3.045675
20231202_500101009_11:21,3.017094
20231202_500101009_11:22,3.040314
20231202_500101009_11:23,3.104684
20231202_500101009_11:24,3.134217
20231202_500101009_11:25,3.082088
20231202_500101009_11:26,2.964716
20231202_500101009_11:27,2.839123
20231202_500101009_11:28,2.788503
20231202_500101009_11:29,2.791629
20231202_500101009_11:30,2.780298
20231202_500101009_11:32,2.849724
20231202_500101009_11:33,2.818508
20231202_500101009_11:34,2.707352
20231202_500101009_11:35,2.661331
20231202_500101009_11:36,2.693035
20231202_500101009_11:37,2.823672
20231202_500101009_11:38,3.002177
20231202_500101009_11:39,3.036848
20231202_500101009_11:40,3.046566
20231202_500101009_11:41,3.103447
20231202_500101009_11:47,3.771050
20231202_500101009_11:48,3.757928
20231202_500101009_11:49,3.754876
20231202_500101009_11:51,3.910151
20231202_500101009_11:52,3.941674
20231202_500101009_11:53,3.995561
20231202_500101009_11:54,4.022046
20231202_500101009_11:55,4.019610
20231202_500101009_11:56,4.219224
20231202_500101009_11:57,4.290617
20231202_500101009_11:58,4.444280
20231202_500101009_11:59,4.461151
20231202_500101009_12:01,4.474300
20231202_500101009_12:02,4.534904
20231202_500101009_12:03,4.679637
20231202_500101009_12:05,5.037213
20231202_500101009_12:06,5.182096
20231202_500101009_12:07,5.226820
20231202_500101009_12:08,5.338455
20231202_500101009_12:09,5.436631
20231202_500101009_12:11,5.800353
20231202_500101009_12:12,5.886671
20231202_500101009_12:13,5.993098
20231202_500101009_12:14,6.018675
20231202_500101009_12:15,6.195216
20231202_500101009_12:16,6.398619
20231202_500101009_12:17,6.571605
20231202_500101009_12:18,6.596436
20231202_500101009_12:19,6.773927
20231202_500101009_12:21,7.018394
20231202_500101009_12:22,7.276235
20231202_500101009_12:23,7.509834
20231202_500101009_12:24,7.604707
20231202_500101009_12:25,7.587723
20231202_500101009_12:26,7.601767
20231202_500101009_12:27,7.707721
20231202_500101009_12:28,7.846073
20231202_500101009_12:29,7.980710
20231202_500101009_12:31,7.962967
20231202_500101009_12:32,7.990213
20231202_500101009_12:34,8.322955
20231202_500101009_12:36,8.592525
20231202_500101009_12:37,8.633961
20231202_500101009_12:39,8.736921
20231202_500101009_12:40,8.856434
20231202_500101009_12:41,8.918106
20231202_500101009_12:42,8.937423
20231202_500101009_12:43,8.902984
20231202_500101009_12:44,8.866579
20231202_500101009_12:45,8.843611
20231202_500101009_12:46,8.919976
20231202_500101009_12:47,9.009638
20231202_500101009_12:48,9.030657
20231202_500101009_12:49,8.943714
20231202_500101009_12:50,8.822384
20231202_500101009_12:51,8.672080
20231202_500101009_12:52,8.581997
20231202_500101009_12:53,8.542440
20231202_500101009_12:54,8.480883
20231202_500101009_12:55,8.331235
20231202_500101009_12:56,8.146132
20231202_500101009_12:57,8.002324
20231202_500101009_12:58,7.959465
20231202_500101009_12:59,7.999979
20231202_500101009_13:01,8.004885
20231202_500101009_13:02,7.888942
20231202_500101009_13:03,7.720818
20231202_500101009_13:04,7.564688
20231202_500101009_13:05,7.493265
20231202_500101009_13:06,7.499635
20231202_500101009_13:07,7.442151
20231202_500101009_13:08,7.284551
20231202_500101009_13:09,7.088233
20231202_500101009_13:10,6.950221
20231202_500101009_13:11,7.000621
20231202_500101009_13:12,7.112035
20231202_500101009_13:13,7.158391
20231202_500101009_13:14,7.053527
20231202_500101009_13:15,6.852147
20231202_500101009_13:16,6.656785
20231202_500101009_13:17,6.609333
20231202_500101009_13:18,6.700100
20231202_500101009_13:19,6.784970
20231202_500101009_13:21,6.647512
20231202_500101009_13:22,6.527564
20231202_500101009_13:23,6.533553
20231202_500101009_13:24,6.666521
20231202_500101009_13:25,6.795238
20231202_500101009_13:26,6.833015
20231202_500101009_13:27,6.728355
20231202_500101009_13:28,6.575967
20231202_500101009_13:29,6.486817
20231202_500101009_13:30,6.486559
20231202_500101009_13:32,6.559078
20231202_500101009_13:33,6.473479
20231202_500101009_13:34,6.361697
20231202_500101009_13:35,6.323731
20231202_500101009_13:36,6.376870
20231202_500101009_13:37,6.472376
20231202_500101009_13:38,6.489901
20231202_500101009_13:39,6.368993
20231202_500101009_13:40,6.158719
20231202_500101009_13:41,5.980782
20231202_500101009_13:42,5.929202
20231202_500101009_13:43,5.987164
20231202_500101009_13:44,6.082667
20231202_500101009_13:45,6.097214
20231202_500101009_13:46,6.061304
20231202_500101009_13:47,6.103417
20231202_500101009_13:48,6.193415
20231202_500101009_13:49,6.293610
20231202_500101009_13:50,6.372059
20231202_500101009_13:51,6.391140
20231202_500101009_13:52,6.386473
20231202_500101009_13:53,6.288712
20231202_500101009_13:54,6.194199
20231202_500101009_13:55,6.140770
20231202_500101009_13:56,6.150995
20231202_500101009_13:57,6.187351
20231202_500101009_13:58,6.173547
20231202_500101009_13:59,6.222485
20231202_500101009_14:01,6.250758
20231202_500101009_14:02,6.378010
20231202_500101009_14:03,6.501379
20231202_500101009_14:04,6.495338
20231202_500101009_14:05,6.444049
20231202_500101009_14:06,6.419609
20231202_500101009_14:07,6.405919
20231202_500101009_14:08,6.465884
20231202_500101009_14:09,6.582235
20231202_500101009_14:10,6.692225
20231202_500101009_14:11,6.697346
20231202_500101009_14:12,6.696692
20231202_500101009_14:13,6.691790
20231202_500101009_14:14,6.777866
20231202_500101009_14:15,6.844072
20231202_500101009_14:16,6.805646
20231202_500101009_14:17,6.779273
20231202_500101009_14:18,6.727626
20231202_500101009_14:19,6.738828
20231202_500101009_14:21,6.881409
20231202_500101009_14:22,6.847491
20231202_500101009_14:23,6.725155
20231202_500101009_14:24,6.627332
20231202_500101009_14:25,6.589234
20231202_500101009_14:26,6.594392
20231202_500101009_14:27,6.591045
20231202_500101009_14:28,6.544872
20231202_500101009_14:29,6.451642
20231202_500101009_14:31,6.113898
20231202_500101009_14:32,6.032262
20231202_500101009_14:33,6.015832
20231202_500101009_14:34,6.024870
20231202_500101009_14:35,5.988327
20231202_500101009_14:36,5.929590
20231202_500101009_14:37,5.910939
20231202_500101009_14:38,5.969801
20231202_500101009_14:39,6.094186
20231202_500101009_14:40,6.214125
20231202_500101009_14:41,6.257859
20231202_500101009_14:42,6.211822
20231202_500101009_14:43,6.134410
20231202_500101009_14:44,6.097446
20231202_500101009_14:45,6.055453
20231202_500101009_14:46,6.103563
20231202_500101009_14:47,6.135157
20231202_500101009_14:48,6.105720
20231202_500101009_14:49,6.061250
20231202_500101009_14:50,6.043400
20231202_500101009_14:51,6.082517
20231202_500101009_14:52,6.154476
20231202_500101009_14:53,6.191979
20231202_500101009_14:54,6.188108
20231202_500101009_14:55,6.063819
20231202_500101009_14:56,5.925689
20231202_500101009_14:57,5.838551
20231202_500101009_14:58,5.816155
20231202_500101009_14:59,5.817180
20231202_500101009_15:01,5.754365
20231202_500101009_15:02,5.700916
20231202_500101009_15:03,5.701057
20231202_500101009_15:04,5.766966
20231202_500101009_15:05,5.919215
20231202_500101009_15:06,5.974639
20231202_500101009_15:07,5.908260
20231202_500101009_15:08,5.830997
20231202_500101009_15:09,5.788087
20231202_500101009_15:11,5.862244
20231202_500101009_15:12,5.863943
20231202_500101009_15:13,5.730272
20231202_500101009_15:14,5.566024
20231202_500101009_15:15,5.485188
20231202_500101009_15:16,5.519141
20231202_500101009_15:17,5.624244
20231202_500101009_15:18,5.661064
20231202_500101009_15:19,5.553268
20231202_500101009_15:21,5.164769
20231202_500101009_15:22,5.109636
20231202_500101009_15:23,5.150239
20231202_500101009_15:24,5.175828
20231202_500101009_15:25,5.098852
20231202_500101009_15:26,4.941840
20231202_500101009_15:27,4.861620
20231202_500101009_15:28,4.868630
20231202_500101009_15:29,5.011582
20231202_500101009_15:30,5.192218
20231202_500101009_15:32,5.212444
20231202_500101009_15:33,5.096844
20231202_500101009_15:34,5.009959
20231202_500101009_15:35,5.103372
20231202_500101009_15:36,5.243049
20231202_500101009_15:37,5.320133
20231202_500101009_15:38,5.269679
20231202_500101009_15:39,5.228943
20231202_500101009_15:41,5.297154
20231202_500101009_15:42,5.451947
20231202_500101009_15:43,5.589906
20231202_500101009_15:44,5.630970
20231202_500101009_15:45,5.562696
20231202_500101009_15:46,5.480708
20231202_500101009_15:47,5.459444
20231202_500101009_15:48,5.525393
20231202_500101009_15:49,5.638897
20231202_500101009_15:51,5.687278
20231202_500101009_15:52,5.650986
20231202_500101009_15:53,5.678137
20231202_500101009_15:54,5.797691
20231202_500101009_15:55,5.955045
20231202_500101009_15:56,6.052789
20231202_500101009_15:57,6.034755
20231202_500101009_15:58,5.934681
20231202_500101009_15:59,5.834300
20231202_500101009_16:01,5.926854
20231202_500101009_16:02,5.972339
20231202_500101009_16:03,5.877496
20231202_500101009_16:04,5.776799
20231202_500101009_16:05,5.676861
20231202_500101009_16:06,5.671918
20231202_500101009_16:07,5.755481
20231202_500101009_16:08,5.822576
20231202_500101009_16:09,5.809239
20231202_500101009_16:11,5.498230
20231202_500101009_16:12,5.388226
20231202_500101009_16:13,5.369603
20231202_500101009_16:14,5.411676
20231202_500101009_16:15,5.433073
20231202_500101009_16:16,5.391487
20231202_500101009_16:17,5.315439
20231202_500101009_16:18,5.280994
20231202_500101009_16:19,5.364998
20231202_500101009_16:21,5.584834
20231202_500101009_16:22,5.511869
20231202_500101009_16:23,5.397519
20231202_500101009_16:24,5.274282
20231202_500101009_16:25,5.284975
20231202_500101009_16:26,5.339379
20231202_500101009_16:27,5.403958
20231202_500101009_16:28,5.352420
20231202_500101009_16:29,5.246418
20231202_500101009_16:31,5.213900
20231202_500101009_16:32,5.326684
20231202_500101009_16:33,5.417309
20231202_500101009_16:34,5.399429
20231202_500101009_16:35,5.275878
20231202_500101009_16:36,5.135446
20231202_500101009_16:37,5.073606
20231202_500101009_16:38,5.109479
20231202_500101009_16:39,5.174342
20231202_500101009_16:41,5.113998
20231202_500101009_16:42,5.021469
20231202_500101009_16:43,5.040740
20231202_500101009_16:44,5.174643
20231202_500101009_16:45,5.339983
20231202_500101009_16:46,5.440653
20231202_500101009_16:47,5.399225
20231202_500101009_16:48,5.259969
20231202_500101009_16:49,5.143821
20231202_500101009_16:51,5.269789
20231202_500101009_16:52,5.398224
20231202_500101009_16:53,5.433235
20231202_500101009_16:54,5.396590
20231202_500101009_16:55,5.390248
20231202_500101009_16:56,5.453216
20231202_500101009_16:57,5.606049
20231202_500101009_16:58,5.740062
20231202_500101009_16:59,5.763702
20231202_500101009_17:01,5.513374
20231202_500101009_17:02,5.451769
20231202_500101009_17:03,5.498156
20231202_500101009_17:04,5.574110
20231202_500101009_17:05,5.610888
20231202_500101009_17:06,5.570786
20231202_500101009_17:07,5.544246
20231202_500101009_17:08,5.629656
20231202_500101009_17:09,5.745825
20231202_500101009_17:10,5.895323
20231202_500101009_17:11,6.026983
20231202_500101009_17:12,6.137445
20231202_500101009_17:13,6.170891
20231202_500101009_17:14,6.200286
20231202_500101009_17:15,6.266211
20231202_500101009_17:16,6.374993
20231202_500101009_17:17,6.498753
20231202_500101009_17:18,6.606676
20231202_500101009_17:19,6.697240
20231202_500101009_17:21,6.948519
20231202_500101009_17:22,7.140374
20231202_500101009_17:23,7.348968
20231202_500101009_17:24,7.500504
20231202_500101009_17:25,7.589617
20231202_500101009_17:26,7.656600
20231202_500101009_17:27,7.750292
20231202_500101009_17:28,7.885777
20231202_500101009_17:29,8.035047
20231202_500101009_17:31,8.244171
20231202_500101009_17:32,8.325005
20231202_500101009_17:33,8.445692
20231202_500101009_17:34,8.614114
20231202_500101009_17:35,8.836695
20231202_500101009_17:36,8.981556
20231202_500101009_17:37,9.029369
20231202_500101009_17:38,9.036711
20231202_500101009_17:39,9.055099
20231202_500101009_17:40,9.157581
20231202_500101009_17:41,9.243162
20231202_500101009_17:42,9.350861
20231202_500101009_17:43,9.447095
20231202_500101009_17:44,9.468174
20231202_500101009_17:45,9.494102
20231202_500101009_17:46,9.586575
20231202_500101009_17:47,9.738683
20231202_500101009_17:48,9.884819
20231202_500101009_17:49,10.053698
20231202_500101009_17:50,10.109268
20231202_500101009_17:51,10.110785
20231202_500101009_17:52,10.128208
20231202_500101009_17:53,10.195428
20231202_500101009_17:54,10.287476
20231202_500101009_17:55,10.349222
20231202_500101009_17:56,10.367539
20231202_500101009_17:57,10.372516
20231202_500101009_17:58,10.413873
20231202_500101009_17:59,10.507080
20231202_500101009_18:01,10.851065
20231202_500101009_18:02,10.989109
20231202_500101009_18:03,11.019813
20231202_500101009_18:04,10.972696
20231202_500101009_18:05,10.935229
20231202_500101009_18:06,10.977648
20231202_500101009_18:07,11.094028
20231202_500101009_18:08,11.213615
20231202_500101009_18:09,11.270638
20231202_500101009_18:10,11.267344
20231202_500101009_18:11,11.271729
20231202_500101009_18:12,11.352148
20231202_500101009_18:13,11.509672
20231202_500101009_18:14,11.717320
20231202_500101009_18:15,11.798834
20231202_500101009_18:16,11.778028
20231202_500101009_18:17,11.785432
20231202_500101009_18:18,11.698776
20231202_500101009_18:19,11.747505
20231202_500101009_18:21,11.936488
20231202_500101009_18:22,12.018808
20231202_500101009_18:23,11.966478
20231202_500101009_18:24,11.961531
20231202_500101009_18:25,12.048650
20231202_500101009_18:26,12.201737
20231202_500101009_18:27,12.323428
20231202_500101009_18:28,12.363304
20231202_500101009_18:29,12.214179
20231202_500101009_18:31,12.016081
20231202_500101009_18:32,12.073120
20231202_500101009_18:33,12.165724
20231202_500101009_18:34,12.174261
20231202_500101009_18:35,12.068034
20231202_500101009_18:36,11.991139
20231202_500101009_18:37,12.005337
20231202_500101009_18:38,12.060022
20231202_500101009_18:39,12.145930
20231202_500101009_18:40,12.179605
20231202_500101009_18:41,12.114603
20231202_500101009_18:42,12.048729
20231202_500101009_18:43,11.992359
20231202_500101009_18:44,11.970839
20231202_500101009_18:45,11.894977
20231202_500101009_18:46,11.929506
20231202_500101009_18:47,11.891850
20231202_500101009_18:48,11.817908
20231202_500101009_18:49,11.796000
20231202_500101009_18:50,11.880445
20231202_500101009_18:51,12.035851
20231202_500101009_18:52,12.162099
20231202_500101009_18:53,12.178900
20231202_500101009_18:54,12.093988
20231202_500101009_18:55,11.993616
20231202_500101009_18:56,11.964689
20231202_500101009_18:57,12.054914
20231202_500101009_18:58,12.092937
20231202_500101009_18:59,12.108040
20231202_500101009_19:01,12.005013
20231202_500101009_19:02,12.041193
20231202_500101009_19:03,12.182619
20231202_500101009_19:04,12.358185
20231202_500101009_19:05,12.464968
20231202_500101009_19:06,12.455946
20231202_500101009_19:07,12.378529
20231202_500101009_19:08,12.329639
20231202_500101009_19:09,12.368773
20231202_500101009_19:10,12.503433
20231202_500101009_19:11,12.580531
20231202_500101009_19:12,12.579367
20231202_500101009_19:13,12.491426
20231202_500101009_19:15,12.584677
20231202_500101009_19:16,12.833759
20231202_500101009_19:18,12.875206
20231202_500101009_19:19,12.771594
20231202_500101009_19:21,12.505157
20231202_500101009_19:22,12.494034
20231202_500101009_19:23,12.502549
20231202_500101009_19:24,12.451138
20231202_500101009_19:25,12.319189
20231202_500101009_19:26,12.186478
20231202_500101009_19:27,12.106775
20231202_500101009_19:28,12.108125
20231202_500101009_19:29,12.134102
20231202_500101009_19:31,11.912854
20231202_500101009_19:32,11.708870
20231202_500101009_19:33,11.518094
20231202_500101009_19:34,11.410430
20231202_500101009_19:35,11.370834
20231202_500101009_19:36,11.320467
20231202_500101009_19:37,11.196381
20231202_500101009_19:38,11.014751
20231202_500101009_19:39,10.858170
20231202_500101009_19:41,10.824345
20231202_500101009_19:42,10.847157
20231202_500101009_19:43,10.772361
20231202_500101009_19:44,10.581754
20231202_500101009_19:45,10.353365
20231202_500101009_19:46,10.178126
20231202_500101009_19:47,10.068125
20231202_500101009_19:48,10.010601
20231202_500101009_19:49,9.910632
20231202_500101009_19:51,9.755711
20231202_500101009_19:52,9.657730
20231202_500101009_19:53,9.626934
20231202_500101009_19:54,9.643107
20231202_500101009_19:55,9.726322
20231202_500101009_19:56,9.707805
20231202_500101009_19:57,9.579348
20231202_500101009_19:58,9.420963
20231202_500101009_19:59,9.330378
20231202_500101009_20:01,9.397244
20231202_500101009_20:02,9.412668
20231202_500101009_20:03,9.348165
20231202_500101009_20:04,9.245651
20231202_500101009_20:05,9.147416
20231202_500101009_20:06,9.121364
20231202_500101009_20:07,9.116014
20231202_500101009_20:08,9.055285
20231202_500101009_20:09,8.864025
20231202_500101009_20:11,8.315681
20231202_500101009_20:12,8.142554
20231202_500101009_20:13,8.075730
20231202_500101009_20:14,8.086500
20231202_500101009_20:15,8.099369
20231202_500101009_20:16,8.207224
20231202_500101009_20:17,8.164889
20231202_500101009_20:18,8.116508
20231202_500101009_20:19,8.100769
20231202_500101009_20:21,8.082700
20231202_500101009_20:22,7.979084
20231202_500101009_20:23,7.805492
20231202_500101009_20:24,7.627738
20231202_500101009_20:25,7.517886
20231202_500101009_20:26,7.495968
20231202_500101009_20:27,7.501591
20231202_500101009_20:28,7.511042
20231202_500101009_20:29,7.434103
20231202_500101009_20:31,7.208795
20231202_500101009_20:32,7.119493
20231202_500101009_20:33,7.035867
20231202_500101009_20:34,6.932868
20231202_500101009_20:35,6.767290
20231202_500101009_20:36,6.571495
20231202_500101009_20:37,6.420501
20231202_500101009_20:38,6.357283
20231202_500101009_20:39,6.409695
20231202_500101009_20:41,6.502548
20231202_500101009_20:42,6.487380
20231202_500101009_20:43,6.447636
20231202_500101009_20:44,6.428510
20231202_500101009_20:45,6.436137
20231202_500101009_20:46,6.428268
20231202_500101009_20:47,6.355268
20231202_500101009_20:48,6.212917
20231202_500101009_20:49,6.068778
20231202_500101009_20:51,5.953231
20231202_500101009_20:52,5.978991
20231202_500101009_20:53,6.008263
20231202_500101009_20:54,5.979596
20231202_500101009_20:55,5.905405
20231202_500101009_20:56,5.825033
20231202_500101009_20:57,5.760766
20231202_500101009_20:58,5.698486
20231202_500101009_20:59,5.597755
20231202_500101009_21:00,5.416496
20231202_500101009_21:02,4.962193
20231202_500101009_21:03,4.840791
20231202_500101009_21:04,4.743676
20231202_500101009_21:05,4.633668
20231202_500101009_21:06,4.496509
20231202_500101009_21:07,4.382525
20231202_500101009_21:08,4.292107
20231202_500101009_21:09,4.276352
20231202_500101009_21:10,4.199392
20231202_500101009_21:11,4.120622
20231202_500101009_21:12,4.005697
20231202_500101009_21:13,3.895001
20231202_500101009_21:14,3.804512
20231202_500101009_21:15,3.742832
20231202_500101009_21:16,3.717911
20231202_500101009_21:17,3.651470
20231202_500101009_21:18,3.523686
20231202_500101009_21:19,3.387419
20231202_500101009_21:21,3.319861
20231202_500101009_21:22,3.388557
20231202_500101009_21:23,3.402795
20231202_500101009_21:24,3.379943
20231202_500101009_21:25,3.340014
20231202_500101009_21:26,3.316194
20231202_500101009_21:27,3.320955
20231202_500101009_21:28,3.335056
20231202_500101009_21:29,3.415880
20231202_500101009_21:30,3.375044
20231202_500101009_21:31,3.324475
20231202_500101009_21:32,3.310280
20231202_500101009_21:33,3.317347
20231202_500101009_21:34,3.337529
20231202_500101009_21:35,3.409033
20231202_500101009_21:36,3.436630
20231202_500101009_21:37,3.388673
20231202_500101009_21:38,3.288766
20231202_500101009_21:39,3.203620
20231202_500101009_21:40,3.155769
20231202_500101009_21:41,3.156263
20231202_500101009_21:42,3.196042
20231202_500101009_21:43,3.282214
20231202_500101009_21:44,3.378963
20231202_500101009_21:45,3.406576
20231202_500101009_21:46,3.329046
20231202_500101009_21:47,3.297887
20231202_500101009_21:48,3.339296
20231202_500101009_21:49,3.353256
20231202_500101009_21:50,3.307952
20231202_500101009_21:51,3.203688
20231202_500101009_21:52,3.052548
20231202_500101009_21:53,2.944147
20231202_500101009_21:54,2.917834
20231202_500101009_21:55,2.950732
20231202_500101009_21:56,2.984491
20231202_500101009_21:57,3.010628
20231202_500101009_21:58,2.918839
20231202_500101009_21:59,2.794652
20231202_500101009_22:01,2.631202
20231202_500101009_22:02,2.668444
20231202_500101009_22:03,2.592637
20231202_500101009_22:04,2.469003
20231202_500101009_22:05,2.301212
20231202_500101009_22:06,2.218351
20231202_500101009_22:07,2.206546
20231202_500101009_22:08,2.192951
20231202_500101009_22:09,2.207781
20231202_500101009_22:10,2.177024
20231202_500101009_22:11,2.067169
20231202_500101009_22:12,1.973872
20231202_500101009_22:13,1.941202
20231202_500101009_22:14,1.924342
20231202_500101009_22:15,1.900632
20231202_500101009_22:16,1.824527
20231202_500101009_22:17,1.717850
20231202_500101009_22:18,1.633200
20231202_500101009_22:19,1.614841
20231202_500101009_22:21,1.717813
20231202_500101009_22:22,1.769745
20231202_500101009_22:23,1.802083
20231202_500101009_22:24,1.857197
20231202_500101009_22:25,1.947163
20231202_500101009_22:26,2.010258
20231202_500101009_22:27,2.001107
20231202_500101009_22:28,1.947784
20231202_500101009_22:29,1.840178
20231202_500101009_22:30,1.784498
20231202_500101009_22:31,1.796386
20231202_500101009_22:32,1.843353
20231202_500101009_22:33,1.889106
20231202_500101009_22:34,1.867368
20231202_500101009_22:35,1.783587
20231202_500101009_22:36,1.683100
20231202_500101009_22:37,1.723284
20231202_500101009_22:38,1.773843
20231202_500101009_22:39,1.706010
20231202_500101009_22:40,1.516418
20231202_500101009_22:41,1.293616
20231202_500101009_22:42,1.217999
20231202_500101009_22:43,1.250834
20231202_500101009_22:44,1.292970
20231202_500101009_22:45,1.254164
20231202_500101009_22:46,1.149585
20231202_500101009_22:47,1.108626
20231202_500101009_22:48,1.083300
20231202_500101009_22:49,1.107985
20231202_500101009_22:50,1.156015
20231202_500101009_22:51,1.168952
20231202_500101009_22:52,1.106217
20231202_500101009_22:53,1.035274
20231202_500101009_22:54,0.974433
20231202_500101009_22:55,0.975986
20231202_500101009_22:56,1.000929
20231202_500101009_22:57,0.890219
20231202_500101009_22:58,0.792704
20231202_500101009_22:59,0.703391
20231202_500101009_23:01,0.628233
20231202_500101009_23:02,0.643543
20231202_500101009_23:03,0.760793
20231202_500101009_23:04,0.809112
20231202_500101009_23:05,0.785726
20231202_500101009_23:06,0.841120
20231202_500101009_23:07,0.928516
20231202_500101009_23:08,1.013605
20231202_500101009_23:09,1.109630
20231202_500101009_23:10,1.153025
20231202_500101009_23:11,1.149799
20231202_500101009_23:12,1.202319
20231202_500101009_23:13,1.244440
20231202_500101009_23:14,1.162191
20231202_500101009_23:15,1.243605
20231202_500101009_23:16,1.307993
20231202_500101009_23:17,1.342034
20231202_500101009_23:18,1.341906
20231202_500101009_23:19,1.298970
20231202_500101009_23:21,1.258264
20231202_500101009_23:22,1.350560
20231202_500101009_23:23,1.458926
20231202_500101009_23:24,1.510693
20231202_500101009_23:25,1.523261
20231202_500101009_23:26,1.498080
20231202_500101009_23:27,1.484291
20231202_500101009_23:28,1.493913
20231202_500101009_23:29,1.487173
20231202_500101009_23:30,1.409399
20231202_500101009_23:31,1.294307
20231202_500101009_23:33,1.272699
20231202_500101009_23:34,1.247260
20231202_500101009_23:35,1.255771
20231202_500101009_23:36,1.291575
20231202_500101009_23:37,1.358436
20231202_500101009_23:38,1.376482
20231202_500101009_23:39,1.317366
20231202_500101009_23:41,1.340712
20231202_500101009_23:42,1.362942
20231202_500101009_23:43,1.368612
20231202_500101009_23:44,1.329170
20231202_500101009_23:45,1.092555
20231202_500101009_23:46,0.984942
20231202_500101009_23:47,0.913467
20231202_500101009_23:48,0.920301
20231202_500101009_23:49,0.976301
20231202_500101009_23:51,1.065379
20231202_500101009_23:52,0.960469
20231202_500101009_23:53,0.939862
20231203_500101009_00:01,2.690203
20231203_500101009_00:02,2.682652
20231203_500101009_00:03,2.628408
20231203_500101009_00:04,2.462338
20231203_500101009_00:05,2.302613
20231203_500101009_00:06,2.175265
20231203_500101009_00:07,2.126091
20231203_500101009_00:08,2.137360
20231203_500101009_00:09,2.140509
20231203_500101009_00:11,2.020886
20231203_500101009_00:12,1.840180
20231203_500101009_00:13,1.683628
20231203_500101009_00:14,1.566887
20231203_500101009_00:15,1.457921
20231203_500101009_00:16,1.332837
20231203_500101009_00:17,1.190358
20231203_500101009_00:18,1.081741
20231203_500101009_00:19,1.072203
20231203_500101009_00:21,1.298706
20231203_500101009_00:22,1.393234
20231203_500101009_00:23,1.430641
20231203_500101009_00:24,1.419107
20231203_500101009_00:25,1.395608
20231203_500101009_00:26,1.423723
20231203_500101009_00:27,1.456119
20231203_500101009_00:28,1.462319
20231203_500101009_00:29,1.449567
20231203_500101009_00:31,1.329248
20231203_500101009_00:32,1.363371
20231203_500101009_00:33,1.455331
20231203_500101009_00:34,1.554591
20231203_500101009_00:35,1.612252
20231203_500101009_00:36,1.579350
20231203_500101009_00:38,1.577437
20231203_500101009_00:39,1.595957
20231203_500101009_00:41,1.637911
20231203_500101009_00:42,1.629296
20231203_500101009_00:43,1.638378
20231203_500101009_00:44,1.705848
20231203_500101009_00:45,1.785594
20231203_500101009_00:46,1.866470
20231203_500101009_00:47,2.011329
20231203_500101009_00:48,2.058486
20231203_500101009_00:49,1.876143
20231203_500101009_00:51,1.818819
20231203_500101009_00:52,1.783238
20231203_500101009_00:53,1.729036
20231203_500101009_00:54,1.646165
20231203_500101009_00:55,1.517130
20231203_500101009_00:56,1.459149
20231203_500101009_00:57,1.400245
20231203_500101009_00:58,1.326106
20231203_500101009_00:59,1.259803
20231203_500101009_01:01,1.136776
20231203_500101009_01:02,0.989369
20231203_500101009_01:03,0.902976
20231203_500101009_01:04,0.874718
20231203_500101009_01:05,0.888440
20231203_500101009_01:06,0.862979
20231203_500101009_01:07,0.807607
20231203_500101009_01:08,0.770049
20231203_500101009_01:09,0.808472
20231203_500101009_01:11,1.129661
20231203_500101009_01:12,1.241788
20231203_500101009_01:13,1.373316
20231203_500101009_01:14,1.438139
20231203_500101009_01:15,1.512860
20231203_500101009_01:16,1.615933
20231203_500101009_01:17,1.738425
20231203_500101009_01:18,1.779224
20231203_500101009_01:19,1.854977
20231203_500101009_01:21,1.786719
20231203_500101009_01:22,1.844392
20231203_500101009_01:23,1.945158
20231203_500101009_01:24,2.063958
20231203_500101009_01:25,2.139690
20231203_500101009_01:26,2.163262
20231203_500101009_01:27,2.094732
20231203_500101009_01:28,2.141388
20231203_500101009_01:29,2.218829
20231203_500101009_01:30,2.286945
20231203_500101009_01:31,2.303413
20231203_500101009_01:32,2.267428
20231203_500101009_01:33,2.226759
20231203_500101009_01:34,2.249959
20231203_500101009_01:35,2.335504
20231203_500101009_01:36,2.449559
20231203_500101009_01:37,2.547143
20231203_500101009_01:38,2.581906
20231203_500101009_01:39,2.567028
20231203_500101009_01:40,2.610624
20231203_500101009_01:41,2.653531
20231203_500101009_01:42,2.649342
20231203_500101009_01:43,2.581769
20231203_500101009_01:44,2.468196
20231203_500101009_01:45,2.348401
20231203_500101009_01:46,2.215270
20231203_500101009_01:47,2.157127
20231203_500101009_01:48,2.103739
20231203_500101009_01:49,2.049011
20231203_500101009_01:50,1.978806
20231203_500101009_01:51,1.885330
20231203_500101009_01:52,1.797956
20231203_500101009_01:53,1.742324
20231203_500101009_01:54,1.714496
20231203_500101009_01:55,1.683287
20231203_500101009_01:56,1.619427
20231203_500101009_01:57,1.525052
20231203_500101009_01:58,1.436096
20231203_500101009_01:59,1.394520
20231203_500101009_02:01,1.381692
20231203_500101009_02:02,1.476489
20231203_500101009_02:03,1.553490
20231203_500101009_02:04,1.574588
20231203_500101009_02:05,1.616998
20231203_500101009_02:06,1.651260
20231203_500101009_02:07,1.686160
20231203_500101009_02:08,1.696873
20231203_500101009_02:09,1.671460
20231203_500101009_02:10,1.575561
20231203_500101009_02:11,1.525427
20231203_500101009_02:12,1.484699
20231203_500101009_02:13,1.457232
20231203_500101009_02:14,1.465157
20231203_500101009_02:15,1.508325
20231203_500101009_02:16,1.526342
20231203_500101009_02:17,1.459038
20231203_500101009_02:18,1.448410
20231203_500101009_02:19,1.445065
20231203_500101009_02:21,1.464160
20231203_500101009_02:22,1.416144
20231203_500101009_02:23,1.389988
20231203_500101009_02:24,1.411713
20231203_500101009_02:25,1.524724
20231203_500101009_02:26,1.603471
20231203_500101009_02:27,1.592433
20231203_500101009_02:28,1.593406
20231203_500101009_02:29,1.622915
20231203_500101009_02:30,1.742035
20231203_500101009_02:31,1.881385
20231203_500101009_02:32,1.941503
20231203_500101009_02:33,1.881448
20231203_500101009_02:34,1.783039
20231203_500101009_02:35,1.698657
20231203_500101009_02:36,1.695229
20231203_500101009_02:37,1.802862
20231203_500101009_02:38,1.811750
20231203_500101009_02:39,1.708363
20231203_500101009_02:40,1.566223
20231203_500101009_02:41,1.438446
20231203_500101009_02:42,1.391818
20231203_500101009_02:43,1.413607
20231203_500101009_02:44,1.423641
20231203_500101009_02:45,1.349810
20231203_500101009_02:46,1.197626
20231203_500101009_02:47,1.074137
20231203_500101009_02:48,1.041748
20231203_500101009_02:49,1.087916
20231203_500101009_02:50,1.162298
20231203_500101009_02:51,1.214848
20231203_500101009_02:52,1.243125
20231203_500101009_02:53,1.265300
20231203_500101009_02:54,1.339087
20231203_500101009_02:55,1.476265
20231203_500101009_02:56,1.636194
20231203_500101009_02:57,1.825402
20231203_500101009_02:58,1.802434
20231203_500101009_02:59,1.716244
20231203_500101009_03:00,1.744729
20231203_500101009_03:01,1.842943
20231203_500101009_03:02,1.963462
20231203_500101009_03:03,2.081560
20231203_500101009_03:04,2.086578
20231203_500101009_03:05,2.063599
20231203_500101009_03:06,2.095830
20231203_500101009_03:07,2.221485
20231203_500101009_03:08,2.358036
20231203_500101009_03:09,2.528292
20231203_500101009_03:10,2.578072
20231203_500101009_03:11,2.611587
20231203_500101009_03:12,2.539919
20231203_500101009_03:13,2.578765
20231203_500101009_03:14,2.688994
20231203_500101009_03:15,2.822289
20231203_500101009_03:16,2.930496
20231203_500101009_03:17,2.885528
20231203_500101009_03:18,2.785691
20231203_500101009_03:19,2.809519
20231203_500101009_03:21,2.933956
20231203_500101009_03:22,2.978902
20231203_500101009_03:23,2.954516
20231203_500101009_03:24,2.894831
20231203_500101009_03:25,2.838665
20231203_500101009_03:26,2.736933
20231203_500101009_03:27,2.702104
20231203_500101009_03:28,2.691662
20231203_500101009_03:29,2.681632
20231203_500101009_03:30,2.627967
20231203_500101009_03:31,2.551304
20231203_500101009_03:32,2.530971
20231203_500101009_03:33,2.552997
20231203_500101009_03:34,2.621863
20231203_500101009_03:35,2.624967
20231203_500101009_03:36,2.567908
20231203_500101009_03:37,2.541866
20231203_500101009_03:38,2.528772
20231203_500101009_03:39,2.526434
20231203_500101009_03:40,2.568099
20231203_500101009_03:41,2.604101
20231203_500101009_03:42,2.623237
20231203_500101009_03:43,2.622193
20231203_500101009_03:44,2.680218
20231203_500101009_03:45,2.751239
20231203_500101009_03:46,2.842589
20231203_500101009_03:47,2.943643
20231203_500101009_03:48,2.991301
20231203_500101009_03:49,2.953904
20231203_500101009_03:50,2.901161
20231203_500101009_03:51,2.966965
20231203_500101009_03:52,3.051287
20231203_500101009_03:53,3.161941
20231203_500101009_03:55,3.246368
20231203_500101009_03:56,3.265903
20231203_500101009_03:57,3.328406
20231203_500101009_03:58,3.467590
20231203_500101009_03:59,3.630628
20231203_500101009_04:01,3.740929
20231203_500101009_04:02,3.684044
20231203_500101009_04:03,3.648979
20231203_500101009_04:04,3.731783
20231203_500101009_04:05,3.817214
20231203_500101009_04:06,3.902710
20231203_500101009_04:07,3.933818
20231203_500101009_04:08,3.929586
20231203_500101009_04:09,3.953538
20231203_500101009_04:11,4.129785
20231203_500101009_04:12,4.208960
20231203_500101009_04:13,4.200678
20231203_500101009_04:14,4.091360
20231203_500101009_04:15,3.926966
20231203_500101009_04:16,3.775791
20231203_500101009_04:17,3.676856
20231203_500101009_04:18,3.669012
20231203_500101009_04:19,3.644593
20231203_500101009_04:21,3.522250
20231203_500101009_04:22,3.518987
20231203_500101009_04:23,3.595858
20231203_500101009_04:24,3.726594
20231203_500101009_04:25,3.845714
20231203_500101009_04:26,3.875276
20231203_500101009_04:27,3.830276
20231203_500101009_04:28,3.845650
20231203_500101009_04:29,3.868911
20231203_500101009_04:31,4.076521
20231203_500101009_04:32,4.145672
20231203_500101009_04:33,4.169843
20231203_500101009_04:34,4.237183
20231203_500101009_04:35,4.373803
20231203_500101009_04:36,4.546923
20231203_500101009_04:37,4.717590
20231203_500101009_04:38,4.846801
20231203_500101009_04:39,4.871840
20231203_500101009_04:41,4.823068
20231203_500101009_04:42,4.884134
20231203_500101009_04:43,5.000654
20231203_500101009_04:44,5.109026
20231203_500101009_04:45,5.166310
20231203_500101009_04:46,5.193398
20231203_500101009_04:47,5.276797
20231203_500101009_04:48,5.423689
20231203_500101009_04:49,5.615211
20231203_500101009_04:51,5.929393
20231203_500101009_04:52,5.911881
20231203_500101009_04:53,5.865594
20231203_500101009_04:54,5.863700
20231203_500101009_04:55,5.934851
20231203_500101009_04:56,6.024200
20231203_500101009_04:57,6.070170
20231203_500101009_04:58,6.037124
20231203_500101009_04:59,6.000215
20231203_500101009_05:01,6.055010
20231203_500101009_05:02,6.155744
20231203_500101009_05:03,6.182051
20231203_500101009_05:04,6.084861
20231203_500101009_05:05,5.898145
20231203_500101009_05:06,5.728145
20231203_500101009_05:07,5.649202
20231203_500101009_05:08,5.648899
20231203_500101009_05:09,5.647849
20231203_500101009_05:11,5.459932
20231203_500101009_05:12,5.391730
20231203_500101009_05:13,5.298786
20231203_500101009_05:14,5.353014
20231203_500101009_05:15,5.385086
20231203_500101009_05:16,5.332376
20231203_500101009_05:17,5.205301
20231203_500101009_05:18,5.068973
20231203_500101009_05:19,4.986135
20231203_500101009_05:21,4.862642
20231203_500101009_05:22,4.843665
20231203_500101009_05:23,4.794168
20231203_500101009_05:24,4.757301
20231203_500101009_05:25,4.742312
20231203_500101009_05:26,4.755917
20231203_500101009_05:27,4.794281
20231203_500101009_05:28,4.771008
20231203_500101009_05:29,4.691945
20231203_500101009_05:31,4.414884
20231203_500101009_05:32,4.399437
20231203_500101009_05:33,4.497451
20231203_500101009_05:34,4.663312
20231203_500101009_05:35,4.800996
20231203_500101009_05:36,4.734284
20231203_500101009_05:37,4.771126
20231203_500101009_05:38,4.839056
20231203_500101009_05:39,4.944987
20231203_500101009_05:41,5.182242
20231203_500101009_05:42,5.170074
20231203_500101009_05:43,5.057654
20231203_500101009_05:44,4.997570
20231203_500101009_05:45,5.071253
20231203_500101009_05:46,5.286329
20231203_500101009_05:47,5.450795
20231203_500101009_05:48,5.443520
20231203_500101009_05:49,5.408935
20231203_500101009_05:50,5.414867
20231203_500101009_05:51,5.514662
20231203_500101009_05:52,5.728635
20231203_500101009_05:53,5.917646
20231203_500101009_05:54,5.821559
20231203_500101009_05:55,5.538935
20231203_500101009_05:56,5.240879
20231203_500101009_05:57,5.083818
20231203_500101009_05:58,5.096736
20231203_500101009_05:59,5.109946
20231203_500101009_06:00,5.001225
20231203_500101009_06:01,4.770032
20231203_500101009_06:02,4.590982
20231203_500101009_06:03,4.504434
20231203_500101009_06:04,4.499949
20231203_500101009_06:05,4.590783
20231203_500101009_06:06,4.563345
20231203_500101009_06:07,4.362891
20231203_500101009_06:08,4.157559
20231203_500101009_06:09,4.010581
20231203_500101009_06:10,3.987691
20231203_500101009_06:11,4.126820
20231203_500101009_06:12,4.221506
20231203_500101009_06:13,4.274975
20231203_500101009_06:14,4.227232
20231203_500101009_06:15,4.349535
20231203_500101009_06:16,4.481699
20231203_500101009_06:17,4.668383
20231203_500101009_06:18,4.823102
20231203_500101009_06:19,4.868398
20231203_500101009_06:21,4.753291
20231203_500101009_06:22,4.747172
20231203_500101009_06:23,4.792632
20231203_500101009_06:24,4.866201
20231203_500101009_06:25,4.898773
20231203_500101009_06:26,4.876870
20231203_500101009_06:27,4.855982
20231203_500101009_06:28,4.889040
20231203_500101009_06:29,4.947711
20231203_500101009_06:30,5.006553
20231203_500101009_06:31,5.035835
20231203_500101009_06:32,5.019898
20231203_500101009_06:33,4.938777
20231203_500101009_06:34,4.848541
20231203_500101009_06:35,4.824683
20231203_500101009_06:36,4.884735
20231203_500101009_06:37,4.986705
20231203_500101009_06:38,5.027756
20231203_500101009_06:39,5.030087
20231203_500101009_06:40,5.054685
20231203_500101009_06:41,5.133657
20231203_500101009_06:42,5.258523
20231203_500101009_06:43,5.359144
20231203_500101009_06:44,5.342985
20231203_500101009_06:45,5.283666
20231203_500101009_06:46,5.100368
20231203_500101009_06:47,4.967999
20231203_500101009_06:48,4.944284
20231203_500101009_06:49,5.019430
20231203_500101009_06:50,5.069074
20231203_500101009_06:51,5.049175
20231203_500101009_06:52,5.045554
20231203_500101009_06:53,5.046633
20231203_500101009_06:54,5.058507
20231203_500101009_06:55,5.173118
20231203_500101009_06:56,5.191863
20231203_500101009_06:57,5.082277
20231203_500101009_06:58,4.896098
20231203_500101009_06:59,4.741698
20231203_500101009_07:00,4.694790
20231203_500101009_07:01,4.740710
20231203_500101009_07:02,4.798356
20231203_500101009_07:03,4.775044
20231203_500101009_07:04,4.733070
20231203_500101009_07:05,4.718326
20231203_500101009_07:06,4.788606
20231203_500101009_07:07,4.921639
20231203_500101009_07:08,4.956140
20231203_500101009_07:09,4.919878
20231203_500101009_07:10,4.805983
20231203_500101009_07:11,4.640553
20231203_500101009_07:12,4.453465
20231203_500101009_07:13,4.424578
20231203_500101009_07:14,4.449467
20231203_500101009_07:15,4.456717
20231203_500101009_07:16,4.412851
20231203_500101009_07:17,4.355197
20231203_500101009_07:18,4.368392
20231203_500101009_07:19,4.434222
20231203_500101009_07:21,4.493930
20231203_500101009_07:22,4.438643
20231203_500101009_07:23,4.308690
20231203_500101009_07:24,4.171202
20231203_500101009_07:25,4.088119
20231203_500101009_07:26,4.070295
20231203_500101009_07:27,4.078764
20231203_500101009_07:28,4.079487
20231203_500101009_07:29,4.112252
20231203_500101009_07:30,4.026140
20231203_500101009_07:31,4.148005
20231203_500101009_07:32,4.256339
20231203_500101009_07:33,4.344681
20231203_500101009_07:34,4.299947
20231203_500101009_07:35,4.127281
20231203_500101009_07:36,3.862699
20231203_500101009_07:37,3.644464
20231203_500101009_07:38,3.535002
20231203_500101009_07:39,3.474143
20231203_500101009_07:40,3.466814
20231203_500101009_07:41,3.340807
20231203_500101009_07:42,3.183226
20231203_500101009_07:43,3.066188
20231203_500101009_07:44,3.051712
20231203_500101009_07:45,3.100749
20231203_500101009_07:46,3.166181
20231203_500101009_07:47,3.029954
20231203_500101009_07:48,2.805090
20231203_500101009_07:49,2.689249
20231203_500101009_07:50,2.625977
20231203_500101009_07:51,2.629292
20231203_500101009_07:52,2.664623
20231203_500101009_07:53,2.695133
20231203_500101009_07:54,2.727399
20231203_500101009_07:55,2.802743
20231203_500101009_07:56,3.014473
20231203_500101009_07:57,3.075976
20231203_500101009_07:58,3.197157
20231203_500101009_07:59,3.322619
20231203_500101009_08:00,3.284850
20231203_500101009_08:02,3.166911
20231203_500101009_08:03,3.164593
20231203_500101009_08:04,3.120254
20231203_500101009_08:05,3.126708
20231203_500101009_08:06,3.177952
20231203_500101009_08:07,3.104965
20231203_500101009_08:08,3.208484
20231203_500101009_08:09,3.286556
20231203_500101009_08:11,3.321829
20231203_500101009_08:12,3.278903
20231203_500101009_08:13,3.187761
20231203_500101009_08:14,3.032355
20231203_500101009_08:15,2.989497
20231203_500101009_08:16,2.996445
20231203_500101009_08:17,3.014042
20231203_500101009_08:18,3.010071
20231203_500101009_08:19,2.987173
20231203_500101009_08:21,3.063854
20231203_500101009_08:22,3.143051
20231203_500101009_08:23,3.197044
20231203_500101009_08:24,3.193349
20231203_500101009_08:25,3.077344
20231203_500101009_08:26,2.905104
20231203_500101009_08:27,2.764311
20231203_500101009_08:28,2.751249
20231203_500101009_08:29,2.779099
20231203_500101009_08:31,2.601121
20231203_500101009_08:32,2.503872
20231203_500101009_08:33,2.385185
20231203_500101009_08:34,2.370065
20231203_500101009_08:35,2.347693
20231203_500101009_08:36,2.294247
20231203_500101009_08:37,2.197969
20231203_500101009_08:38,2.025686
20231203_500101009_08:39,1.825635
20231203_500101009_08:41,1.888891
20231203_500101009_08:42,1.909997
20231203_500101009_08:43,1.897275
20231203_500101009_08:44,1.876121
20231203_500101009_08:45,1.896580
20231203_500101009_08:46,1.981609
20231203_500101009_08:47,2.140634
20231203_500101009_08:48,2.277399
20231203_500101009_08:49,2.317813
20231203_500101009_08:51,2.156505
20231203_500101009_08:52,2.027232
20231203_500101009_08:53,2.096178
20231203_500101009_08:54,2.117268
20231203_500101009_08:55,2.097035
20231203_500101009_08:56,2.018352
20231203_500101009_08:57,1.927894
20231203_500101009_08:58,1.893311
20231203_500101009_08:59,1.937797
20231203_500101009_09:01,2.010883
20231203_500101009_09:02,1.938434
20231203_500101009_09:03,1.819224
20231203_500101009_09:04,1.786194
20231203_500101009_09:05,1.765652
20231203_500101009_09:06,1.803887
20231203_500101009_09:07,1.894950
20231203_500101009_09:08,1.921872
20231203_500101009_09:09,1.872279
20231203_500101009_09:11,2.165450
20231203_500101009_09:12,2.336376
20231203_500101009_09:13,2.529801
20231203_500101009_09:14,2.554517
20231203_500101009_09:15,2.495989
20231203_500101009_09:16,2.428084
20231203_500101009_09:17,2.461491
20231203_500101009_09:18,2.469493
20231203_500101009_09:19,2.450645
20231203_500101009_09:21,2.250538
20231203_500101009_09:22,2.120624
20231203_500101009_09:23,2.095183
20231203_500101009_09:24,2.082879
20231203_500101009_09:25,2.131612
20231203_500101009_09:26,2.132517
20231203_500101009_09:27,2.003487
20231203_500101009_09:28,1.800405
20231203_500101009_09:29,1.633632
20231203_500101009_09:31,1.634056
20231203_500101009_09:32,1.741611
20231203_500101009_09:33,1.723237
20231203_500101009_09:34,1.761506
20231203_500101009_09:35,1.837060
20231203_500101009_09:36,1.959761
20231203_500101009_09:37,2.194429
20231203_500101009_09:38,2.402324
20231203_500101009_09:39,2.466962
20231203_500101009_09:41,2.450541
20231203_500101009_09:42,2.467388
20231203_500101009_09:43,2.531048
20231203_500101009_09:44,2.595289
20231203_500101009_09:45,2.599687
20231203_500101009_09:46,2.581073
20231203_500101009_09:47,2.434116
20231203_500101009_09:48,2.399760
20231203_500101009_09:49,2.381366
20231203_500101009_09:51,2.564788
20231203_500101009_09:52,2.515052
20231203_500101009_09:53,2.351330
20231203_500101009_09:54,2.263463
20231203_500101009_09:55,2.249071
20231203_500101009_09:56,2.376208
20231203_500101009_09:57,2.560580
20231203_500101009_09:58,2.646429
20231203_500101009_09:59,2.609822
20231203_500101009_10:01,2.766687
20231203_500101009_10:02,3.045223
20231203_500101009_10:03,3.272331
20231203_500101009_10:04,3.374298
20231203_500101009_10:05,3.399330
20231203_500101009_10:06,3.403869
20231203_500101009_10:07,3.346398
20231203_500101009_10:08,3.388168
20231203_500101009_10:09,3.427307
20231203_500101009_10:10,3.337093
20231203_500101009_10:11,3.291275
20231203_500101009_10:12,3.143637
20231203_500101009_10:13,3.111647
20231203_500101009_10:14,3.111595
20231203_500101009_10:15,3.192503
20231203_500101009_10:16,3.254709
20231203_500101009_10:17,3.164982
20231203_500101009_10:18,3.056700
20231203_500101009_10:19,2.942986
20231203_500101009_10:21,3.017380
20231203_500101009_10:22,3.103715
20231203_500101009_10:23,3.159334
20231203_500101009_10:24,3.105064
20231203_500101009_10:25,3.130221
20231203_500101009_10:26,3.236098
20231203_500101009_10:27,3.481369
20231203_500101009_10:28,3.703744
20231203_500101009_10:29,3.854774
20231203_500101009_10:31,3.807837
20231203_500101009_10:32,3.740745
20231203_500101009_10:33,3.741037
20231203_500101009_10:34,3.790127
20231203_500101009_10:35,3.810138
20231203_500101009_10:36,3.743682
20231203_500101009_10:37,3.613756
20231203_500101009_10:38,3.507272
20231203_500101009_10:39,3.498600
20231203_500101009_10:40,3.559700
20231203_500101009_10:41,3.661285
20231203_500101009_10:42,3.754790
20231203_500101009_10:43,3.710184
20231203_500101009_10:44,3.660572
20231203_500101009_10:45,3.609453
20231203_500101009_10:46,3.670676
20231203_500101009_10:47,3.814759
20231203_500101009_10:48,3.964346
20231203_500101009_10:49,4.032879
20231203_500101009_10:50,4.043087
20231203_500101009_10:51,4.041939
20231203_500101009_10:52,4.178268
20231203_500101009_10:53,4.367397
20231203_500101009_10:54,4.498941
20231203_500101009_10:56,4.348783
20231203_500101009_10:57,4.177610
20231203_500101009_10:58,4.114116
20231203_500101009_10:59,4.122197
20231203_500101009_11:01,4.073034
20231203_500101009_11:02,3.969381
20231203_500101009_11:03,3.839292
20231203_500101009_11:04,3.765596
20231203_500101009_11:05,3.774329
20231203_500101009_11:06,3.843099
20231203_500101009_11:07,3.904902
20231203_500101009_11:08,3.865928
20231203_500101009_11:09,3.608389
20231203_500101009_11:10,3.369527
20231203_500101009_11:11,3.394444
20231203_500101009_11:12,3.626894
20231203_500101009_11:13,3.764869
20231203_500101009_11:14,3.821965
20231203_500101009_11:15,3.738930
20231203_500101009_11:16,3.684103
20231203_500101009_11:17,3.839660
20231203_500101009_11:18,4.092010
20231203_500101009_11:19,4.388867
20231203_500101009_11:21,4.554862
20231203_500101009_11:22,4.431067
20231203_500101009_11:23,4.392892
20231203_500101009_11:24,4.483841
20231203_500101009_11:25,4.619040
20231203_500101009_11:26,4.717859
20231203_500101009_11:27,4.675865
20231203_500101009_11:28,4.527133
20231203_500101009_11:29,4.466637
20231203_500101009_11:31,4.878957
20231203_500101009_11:32,5.029324
20231203_500101009_11:33,5.035283
20231203_500101009_11:34,4.958180
20231203_500101009_11:35,4.888222
20231203_500101009_11:36,4.884640
20231203_500101009_11:37,4.984008
20231203_500101009_11:38,5.218337
20231203_500101009_11:39,5.331703
20231203_500101009_11:40,5.397112
20231203_500101009_11:41,5.441499
20231203_500101009_11:42,5.575455
20231203_500101009_11:43,5.869106
20231203_500101009_11:44,6.187788
20231203_500101009_11:45,6.461771
20231203_500101009_11:46,6.514597
20231203_500101009_11:47,6.500491
20231203_500101009_11:48,6.419761
20231203_500101009_11:49,6.487992
20231203_500101009_11:50,6.607992
20231203_500101009_11:51,6.714984
20231203_500101009_11:52,6.725720
20231203_500101009_11:53,6.624452
20231203_500101009_11:54,6.577691
20231203_500101009_11:56,6.821423
20231203_500101009_11:57,7.004252
20231203_500101009_11:58,7.046024
20231203_500101009_11:59,7.032104
20231203_500101009_12:01,7.075964
20231203_500101009_12:02,7.157393
20231203_500101009_12:03,7.337945
20231203_500101009_12:04,7.481421
20231203_500101009_12:05,7.602213
20231203_500101009_12:06,7.633121
20231203_500101009_12:07,7.836782
20231203_500101009_12:08,8.135314
20231203_500101009_12:09,8.373513
20231203_500101009_12:10,8.628171
20231203_500101009_12:11,8.656900
20231203_500101009_12:12,8.672604
20231203_500101009_12:13,8.676922
20231203_500101009_12:14,8.658309
20231203_500101009_12:15,8.742026
20231203_500101009_12:16,8.872453
20231203_500101009_12:17,8.851713
20231203_500101009_12:18,8.745032
20231203_500101009_12:19,8.689446
20231203_500101009_12:21,9.002903
20231203_500101009_12:22,9.123425
20231203_500101009_12:23,9.174532
20231203_500101009_12:24,9.136881
20231203_500101009_12:26,8.966594
20231203_500101009_12:28,9.112020
20231203_500101009_12:29,9.172441
20231203_500101009_12:31,9.014559
20231203_500101009_12:32,9.014739
20231203_500101009_12:33,9.117865
20231203_500101009_12:34,9.365154
20231203_500101009_12:35,9.516047
20231203_500101009_12:36,9.542690
20231203_500101009_12:37,9.426517
20231203_500101009_12:38,9.278223
20231203_500101009_12:39,9.171143
20231203_500101009_12:41,9.191401
20231203_500101009_12:42,9.103868
20231203_500101009_12:43,8.873343
20231203_500101009_12:44,8.646439
20231203_500101009_12:45,8.577667
20231203_500101009_12:46,8.633620
20231203_500101009_12:47,8.776143
20231203_500101009_12:48,8.726475
20231203_500101009_12:49,8.497394
20231203_500101009_12:51,8.020997
20231203_500101009_12:52,8.016098
20231203_500101009_12:53,8.058262
20231203_500101009_12:54,8.105085
20231203_500101009_12:55,7.940136
20231203_500101009_12:56,7.705832
20231203_500101009_12:57,7.639236
20231203_500101009_12:58,7.717673
20231203_500101009_12:59,7.776044
20231203_500101009_13:01,7.703059
20231203_500101009_13:02,7.458670
20231203_500101009_13:03,7.221639
20231203_500101009_13:05,7.014164
20231203_500101009_13:06,6.974347
20231203_500101009_13:07,6.839710
20231203_500101009_13:08,6.630201
20231203_500101009_13:09,6.422994
20231203_500101009_13:11,6.364134
20231203_500101009_13:12,6.398530
20231203_500101009_13:13,6.359705
20231203_500101009_13:14,6.140227
20231203_500101009_13:15,5.815811
20231203_500101009_13:16,5.576499
20231203_500101009_13:17,5.493111
20231203_500101009_13:18,5.586844
20231203_500101009_13:19,5.591054
20231203_500101009_13:21,5.210382
20231203_500101009_13:22,5.127695
20231203_500101009_13:23,5.134061
20231203_500101009_13:24,5.275121
20231203_500101009_13:25,5.361600
20231203_500101009_13:26,5.323947
20231203_500101009_13:28,4.835789
20231203_500101009_13:29,4.630891
20231203_500101009_13:31,4.366591
20231203_500101009_13:32,4.263067
20231203_500101009_13:33,4.080027
20231203_500101009_13:34,3.791362
20231203_500101009_13:35,3.653862
20231203_500101009_13:36,3.646970
20231203_500101009_13:37,3.601793
20231203_500101009_13:38,3.548105
20231203_500101009_13:39,3.408103
20231203_500101009_13:41,2.958008
20231203_500101009_13:42,2.806173
20231203_500101009_13:43,2.812248
20231203_500101009_13:45,2.834625
20231203_500101009_13:47,2.644290
20231203_500101009_13:48,2.732842
20231203_500101009_13:49,2.929850
20231203_500101009_13:50,3.075897
20231203_500101009_13:52,2.989959
20231203_500101009_13:53,2.886237
20231203_500101009_13:54,2.768553
20231203_500101009_13:56,2.727123
20231203_500101009_13:57,2.632911
20231203_500101009_13:58,2.511976
20231203_500101009_13:59,2.429561
20231203_500101009_14:01,2.379643
20231203_500101009_14:03,2.479139
20231203_500101009_14:04,2.475108
20231203_500101009_14:05,2.320774
20231203_500101009_14:06,2.153821
20231203_500101009_14:07,2.055962
20231203_500101009_14:08,2.168394
20231203_500101009_14:09,2.179328
20231203_500101009_14:11,2.075277
20231203_500101009_14:12,1.939957
20231203_500101009_14:13,1.977928
20231203_500101009_14:14,2.116403
20231203_500101009_14:15,2.182374
20231203_500101009_14:16,2.165766
20231203_500101009_14:17,2.097861
20231203_500101009_14:18,1.827973
20231203_500101009_14:19,1.647977
20231203_500101009_14:21,1.561406
20231203_500101009_14:22,1.535735
20231203_500101009_14:23,1.296993
20231203_500101009_14:24,1.079200
20231203_500101009_14:25,0.943325
20231203_500101009_14:26,0.986935
20231203_500101009_14:27,1.069290
20231203_500101009_14:28,1.082380
20231203_500101009_14:29,0.904032
20231203_500101009_14:31,0.519115
20231203_500101009_14:32,0.419172
20231203_500101009_14:33,0.454383
20231203_500101009_14:34,0.585969
20231203_500101009_14:35,0.538701
20231203_500101009_14:36,0.463269
20231203_500101009_14:37,0.398026
20231203_500101009_14:38,0.598454
20231203_500101009_14:39,0.766108
20231203_500101009_14:40,0.964232
20231203_500101009_14:41,1.002176
20231203_500101009_14:42,0.980164
20231203_500101009_14:43,0.844055
20231203_500101009_14:44,0.755067
20231203_500101009_14:45,0.815288
20231203_500101009_14:46,0.859401
20231203_500101009_14:47,0.948110
20231203_500101009_14:48,0.875161
20231203_500101009_14:49,0.707686
20231203_500101009_14:50,0.779053
20231203_500101009_14:51,0.890059
20231203_500101009_14:52,1.033728
20231203_500101009_14:53,1.111739
20231203_500101009_14:54,1.034010
20231203_500101009_14:55,0.831664
20231203_500101009_14:56,0.616742
20231203_500101009_14:57,0.550096
20231203_500101009_14:58,0.580059
20231203_500101009_14:59,0.752490
20231203_500101009_15:01,0.645713
20231203_500101009_15:02,0.637790
20231203_500101009_15:03,0.722016
20231203_500101009_15:04,0.967047
20231203_500101009_15:05,1.157902
20231203_500101009_15:06,1.223258
20231203_500101009_15:07,1.117647
20231203_500101009_15:08,0.913008
20231203_500101009_15:09,0.789106
20231203_500101009_15:10,0.703814
20231203_500101009_15:11,0.675436
20231203_500101009_15:12,0.551972
20231203_500101009_15:13,0.405989
20231203_500101009_15:14,0.226281
20231203_500101009_15:15,0.171556
20231203_500101009_15:16,0.141147
20231203_500101009_15:17,0.312743
20231203_500101009_15:18,0.440777
20231203_500101009_15:19,0.425304
20231203_500101009_15:21,0.164027
20231203_500101009_15:22,0.116810
20231203_500101009_15:23,0.121162
20231203_500101009_15:24,0.197833
20231203_500101009_15:25,0.214706
20231203_500101009_15:26,0.172064
20231203_500101009_15:27,0.213032
20231203_500101009_15:28,0.320698
20231203_500101009_15:29,0.496282
20231203_500101009_15:30,0.682339
20231203_500101009_15:32,0.825757
20231203_500101009_15:33,0.735226
20231203_500101009_15:34,0.622279
20231203_500101009_15:35,0.602396
20231203_500101009_15:36,0.566412
20231203_500101009_15:37,0.508850
20231203_500101009_15:38,0.547210
20231203_500101009_15:39,0.507843
20231203_500101009_15:40,0.508120
20231203_500101009_15:41,0.610874
20231203_500101009_15:42,0.842081
20231203_500101009_15:43,1.067034
20231203_500101009_15:44,1.150476
20231203_500101009_15:45,1.057245
20231203_500101009_15:46,0.826855
20231203_500101009_15:47,0.702181
20231203_500101009_15:48,0.694426
20231203_500101009_15:49,0.748227
20231203_500101009_15:50,0.782943
20231203_500101009_15:51,0.684020
20231203_500101009_15:52,0.540854
20231203_500101009_15:53,0.500710
20231203_500101009_15:54,0.560626
20231203_500101009_15:55,0.771566
20231203_500101009_15:56,0.932766
20231203_500101009_15:57,0.902757
20231203_500101009_15:58,0.636614
20231203_500101009_15:59,0.424889
20231203_500101009_16:01,0.478828
20231203_500101009_16:02,0.544850
20231203_500101009_16:03,0.498222
20231203_500101009_16:04,0.294404
20231203_500101009_16:05,0.155797
20231203_500101009_16:06,0.196125
20231203_500101009_16:07,0.397316
20231203_500101009_16:08,0.611642
20231203_500101009_16:09,0.653394
20231203_500101009_16:10,0.499106
20231203_500101009_16:11,0.322075
20231203_500101009_16:12,0.228179
20231203_500101009_16:13,0.278575
20231203_500101009_16:14,0.409097
20231203_500101009_16:15,0.449128
20231203_500101009_16:16,0.406764
20231203_500101009_16:17,0.210785
20231203_500101009_16:18,0.196446
20231203_500101009_16:19,0.328619
20231203_500101009_16:21,0.712873
20231203_500101009_16:22,0.674332
20231203_500101009_16:23,0.492652
20231203_500101009_16:24,0.378400
20231203_500101009_16:25,0.277871
20231203_500101009_16:26,0.439081
20231203_500101009_16:27,0.565157
20231203_500101009_16:28,0.581890
20231203_500101009_16:29,0.523424
20231203_500101009_16:31,0.571351
20231203_500101009_16:32,0.764956
20231203_500101009_16:33,1.004146
20231203_500101009_16:34,0.995762
20231203_500101009_16:35,0.918006
20231203_500101009_16:36,0.781020
20231203_500101009_16:37,0.694857
20231203_500101009_16:38,0.765244
20231203_500101009_16:39,0.806716
20231203_500101009_16:40,0.748289
20231203_500101009_16:41,0.671937
20231203_500101009_16:42,0.577329
20231203_500101009_16:43,0.636659
20231203_500101009_16:44,0.725759
20231203_500101009_16:45,0.775361
20231203_500101009_16:46,0.882000
20231203_500101009_16:47,0.880849
20231203_500101009_16:48,0.776060
20231203_500101009_16:49,0.687528
20231203_500101009_16:50,0.577260
20231203_500101009_16:51,0.512924
20231203_500101009_16:52,0.463448
20231203_500101009_16:53,0.434413
20231203_500101009_16:54,0.404635
20231203_500101009_16:55,0.412427
20231203_500101009_16:56,0.476157
20231203_500101009_16:57,0.649659
20231203_500101009_16:58,0.808161
20231203_500101009_16:59,0.918454
20231203_500101009_17:01,0.956620
20231203_500101009_17:03,1.016207
20231203_500101009_17:04,1.114101
20231203_500101009_17:05,1.236183
20231203_500101009_17:06,1.350736
20231203_500101009_17:07,1.477844
20231203_500101009_17:09,1.903230
20231203_500101009_17:10,2.130281
20231203_500101009_17:12,2.322691
20231203_500101009_17:13,2.386724
20231203_500101009_17:15,2.329818
20231203_500101009_17:16,2.324637
20231203_500101009_17:17,2.365595
20231203_500101009_17:18,2.457428
20231203_500101009_17:19,2.596156
20231203_500101009_17:22,3.185129
20231203_500101009_17:23,3.380225
20231203_500101009_17:25,3.624436
20231203_500101009_17:26,3.687584
20231203_500101009_17:27,3.740470
20231203_500101009_17:28,3.741108
20231203_500101009_17:29,3.830239
20231203_500101009_17:32,4.190449
20231203_500101009_17:33,4.381599
20231203_500101009_17:35,4.709787
20231203_500101009_17:36,4.930896
20231203_500101009_17:37,5.053973
20231203_500101009_17:38,5.032308
20231203_500101009_17:39,4.930399
20231203_500101009_17:41,4.860369
20231203_500101009_17:42,4.922343
20231203_500101009_17:43,4.984635
20231203_500101009_17:44,4.967597
20231203_500101009_17:46,5.007251
20231203_500101009_17:47,5.198140
20231203_500101009_17:49,5.661777
20231203_500101009_17:51,5.825154
20231203_500101009_17:52,5.785534
20231203_500101009_17:53,5.851485
20231203_500101009_17:55,6.123243
20231203_500101009_17:56,6.251250
20231203_500101009_17:57,6.348733
20231203_500101009_17:58,6.470097
20231203_500101009_17:59,6.658598
20231203_500101009_18:01,7.079719
20231203_500101009_18:02,7.213661
20231203_500101009_18:03,7.231991
20231203_500101009_18:04,7.182670
20231203_500101009_18:05,7.144669
20231203_500101009_18:07,7.233209
20231203_500101009_18:08,7.301283
20231203_500101009_18:09,7.354531
20231203_500101009_18:11,7.581210
20231203_500101009_18:12,7.782743
20231203_500101009_18:13,8.005387
20231203_500101009_18:15,8.265249
20231203_500101009_18:16,8.222513
20231203_500101009_18:17,8.178104
20231203_500101009_18:18,8.215946
20231203_500101009_18:19,8.251225
20231203_500101009_18:21,8.373693
20231203_500101009_18:22,8.411671
20231203_500101009_18:23,8.455576
20231203_500101009_18:24,8.563612
20231203_500101009_18:25,8.689888
20231203_500101009_18:26,8.787136
20231203_500101009_18:27,8.806478
20231203_500101009_18:28,8.724001
20231203_500101009_18:29,8.574022
20231203_500101009_18:30,8.405676
20231203_500101009_18:32,8.152378
20231203_500101009_18:33,8.103207
20231203_500101009_18:34,8.089282
20231203_500101009_18:35,8.069921
20231203_500101009_18:36,8.089709
20231203_500101009_18:37,8.183936
20231203_500101009_18:38,8.348019
20231203_500101009_18:39,8.521845
20231203_500101009_18:41,8.730701
20231203_500101009_18:42,8.719376
20231203_500101009_18:43,8.698273
20231203_500101009_18:44,8.715071
20231203_500101009_18:45,8.772003
20231203_500101009_18:47,8.877951
20231203_500101009_18:48,8.907139
20231203_500101009_18:49,8.959932
20231203_500101009_18:50,9.060936
20231203_500101009_18:51,9.197443
20231203_500101009_18:52,9.322214
20231203_500101009_18:53,9.362762
20231203_500101009_18:54,9.306948
20231203_500101009_18:55,9.193060
20231203_500101009_18:56,9.082279
20231203_500101009_18:57,9.016382
20231203_500101009_18:58,8.996573
20231203_500101009_18:59,8.998987
20231203_500101009_19:01,9.039440
20231203_500101009_19:02,9.116542
20231203_500101009_19:03,9.244848
20231203_500101009_19:04,9.339205
20231203_500101009_19:05,9.438316
20231203_500101009_19:06,9.499827
20231203_500101009_19:07,9.432073
20231203_500101009_19:08,9.332293
20231203_500101009_19:09,9.252768
20231203_500101009_19:10,9.213165
20231203_500101009_19:11,9.195699
20231203_500101009_19:12,9.173893
20231203_500101009_19:13,9.139449
20231203_500101009_19:14,9.116566
20231203_500101009_19:15,9.125453
20231203_500101009_19:16,9.169283
20231203_500101009_19:17,9.194608
20231203_500101009_19:18,9.163179
20231203_500101009_19:19,9.012656
20231203_500101009_19:21,8.522838
20231203_500101009_19:22,8.359894
20231203_500101009_19:23,8.268744
20231203_500101009_19:24,8.160461
20231203_500101009_19:25,7.991522
20231203_500101009_19:26,7.881223
20231203_500101009_19:27,7.862913
20231203_500101009_19:28,7.904887
20231203_500101009_19:29,7.997575
20231203_500101009_19:31,8.072060
20231203_500101009_19:32,7.959960
20231203_500101009_19:33,7.800965
20231203_500101009_19:34,7.670487
20231203_500101009_19:35,7.544821
20231203_500101009_19:36,7.510037
20231203_500101009_19:37,7.459957
20231203_500101009_19:38,7.398441
20231203_500101009_19:39,7.319608
20231203_500101009_19:40,7.341280
20231203_500101009_19:41,7.426681
20231203_500101009_19:42,7.504923
20231203_500101009_19:43,7.490852
20231203_500101009_19:44,7.346087
20231203_500101009_19:45,7.109471
20231203_500101009_19:46,6.865605
20231203_500101009_19:47,6.679577
20231203_500101009_19:48,6.555183
20231203_500101009_19:49,6.460509
20231203_500101009_19:50,6.392847
20231203_500101009_19:51,6.415874
20231203_500101009_19:52,6.466496
20231203_500101009_19:53,6.534858
20231203_500101009_19:54,6.569582
20231203_500101009_19:55,6.573250
20231203_500101009_19:56,6.516701
20231203_500101009_19:57,6.391620
20231203_500101009_19:58,6.245346
20231203_500101009_19:59,6.094199
20231203_500101009_20:01,5.956488
20231203_500101009_20:02,5.984907
20231203_500101009_20:03,5.990712
20231203_500101009_20:04,5.963705
20231203_500101009_20:05,5.924136
20231203_500101009_20:06,5.837734
20231203_500101009_20:07,5.881843
20231203_500101009_20:08,5.822942
20231203_500101009_20:09,5.656376
20231203_500101009_20:10,5.390687
20231203_500101009_20:11,5.090762
20231203_500101009_20:12,4.832591
20231203_500101009_20:13,4.649452
20231203_500101009_20:14,4.690135
20231203_500101009_20:15,4.623357
20231203_500101009_20:16,4.520854
20231203_500101009_20:17,4.419671
20231203_500101009_20:18,4.270741
20231203_500101009_20:19,4.264720
20231203_500101009_20:21,4.164706
20231203_500101009_20:22,4.027525
20231203_500101009_20:23,3.862789
20231203_500101009_20:24,3.683737
20231203_500101009_20:25,3.560333
20231203_500101009_20:26,3.544634
20231203_500101009_20:27,3.547690
20231203_500101009_20:28,3.538956
20231203_500101009_20:29,3.513698
20231203_500101009_20:30,3.480787
20231203_500101009_20:31,3.456036
20231203_500101009_20:32,3.450674
20231203_500101009_20:33,3.416974
20231203_500101009_20:34,3.349052
20231203_500101009_20:35,3.226012
20231203_500101009_20:36,3.017359
20231203_500101009_20:37,2.862515
20231203_500101009_20:38,2.826519
20231203_500101009_20:39,2.835103
20231203_500101009_20:40,2.847787
20231203_500101009_20:41,2.829583
20231203_500101009_20:42,2.821102
20231203_500101009_20:43,2.857024
20231203_500101009_20:44,2.931220
20231203_500101009_20:45,2.999936
20231203_500101009_20:46,3.002650
20231203_500101009_20:47,2.875299
20231203_500101009_20:48,2.682865
20231203_500101009_20:49,2.554449
20231203_500101009_20:50,2.520949
20231203_500101009_20:51,2.537257
20231203_500101009_20:52,2.530816
20231203_500101009_20:53,2.492332
20231203_500101009_20:54,2.423053
20231203_500101009_20:55,2.401173
20231203_500101009_20:56,2.423222
20231203_500101009_20:57,2.443919
20231203_500101009_20:58,2.425684
20231203_500101009_20:59,2.296346
20231203_500101009_21:01,1.791043
20231203_500101009_21:02,1.533206
20231203_500101009_21:03,1.351439
20231203_500101009_21:04,1.235345
20231203_500101009_21:05,1.115273
20231203_500101009_21:06,0.967395
20231203_500101009_21:07,0.834376
20231203_500101009_21:08,0.820167
20231203_500101009_21:09,0.834265
20231203_500101009_21:10,0.930542
20231203_500101009_21:11,0.916012
20231203_500101009_21:12,0.814833
20231203_500101009_21:13,0.657139
20231203_500101009_21:14,0.513288
20231203_500101009_21:15,0.436512
20231203_500101009_21:16,0.424032
20231203_500101009_21:17,0.429618
20231203_500101009_21:18,0.413409
20231203_500101009_21:19,0.387017
20231203_500101009_21:21,0.408063
20231203_500101009_21:22,0.489295
20231203_500101009_21:23,0.539680
20231203_500101009_21:24,0.506400
20231203_500101009_21:25,0.450621
20231203_500101009_21:26,0.356135
20231203_500101009_21:27,0.247043
20231203_500101009_21:28,0.245136
20231203_500101009_21:29,0.236416
20231203_500101009_21:30,0.262301
20231203_500101009_21:31,0.317355
20231203_500101009_21:32,0.386818
20231203_500101009_21:33,0.464498
20231203_500101009_21:34,0.565428
20231203_500101009_21:35,0.674644
20231203_500101009_21:36,0.748338
20231203_500101009_21:37,0.746582
20231203_500101009_21:38,0.076837
20231203_500101009_21:39,0.122871
20231203_500101009_21:40,0.212306
20231203_500101009_21:41,0.306732
20231203_500101009_21:42,0.351213
20231203_500101009_21:43,0.288590
20231203_500101009_21:45,0.176825
20231203_500101009_21:46,0.205272
20231203_500101009_21:47,0.239685
20231203_500101009_21:48,0.219723
20231203_500101009_21:49,0.344842
20231203_500101009_21:50,0.424806
20231203_500101009_21:51,0.533912
20231203_500101009_21:52,0.696078
20231203_500101009_21:53,0.908272
20231203_500101009_21:54,1.132833
20231203_500101009_21:55,1.229434
20231203_500101009_21:56,1.258371
20231203_500101009_21:57,1.116664
20231203_500101009_21:58,1.078956
20231203_500101009_21:59,1.173651
20231203_500101009_22:01,1.274381
20231203_500101009_22:02,1.137570
20231203_500101009_22:03,0.968605
20231203_500101009_22:04,0.901109
20231203_500101009_22:05,0.987691
20231203_500101009_22:06,1.147248
20231203_500101009_22:07,1.229498
20231203_500101009_22:08,1.156351
20231203_500101009_22:09,0.940835
20231203_500101009_22:10,0.790179
20231203_500101009_22:11,0.783478
20231203_500101009_22:12,0.761909
20231203_500101009_22:13,0.723253
20231203_500101009_22:14,0.629493
20231203_500101009_22:15,0.479487
20231203_500101009_22:16,0.402479
20231203_500101009_22:17,0.504854
20231203_500101009_22:18,0.616781
20231203_500101009_22:19,0.708912
20231203_500101009_22:21,0.587545
20231203_500101009_22:22,0.455174
20231203_500101009_22:23,0.388006
20231203_500101009_22:24,0.314577
20231203_500101009_22:25,0.237551
20231203_500101009_22:26,0.068684
20231203_500101009_22:27,0.060598
20231203_500101009_22:28,0.135952
20231203_500101009_22:29,0.172636
20231203_500101009_22:31,0.216646
20231203_500101009_22:32,0.293414
20231203_500101009_22:33,0.328398
20231203_500101009_22:34,0.319514
20231203_500101009_22:35,0.303317
20231203_500101009_22:36,0.300039
20231203_500101009_22:37,0.327883
20231203_500101009_22:38,0.592990
20231203_500101009_22:39,0.557621
20231203_500101009_22:40,0.647681
20231203_500101009_22:41,0.860770
20231203_500101009_22:42,1.074020
20231203_500101009_22:43,1.175380
20231203_500101009_22:44,1.110287
20231203_500101009_22:45,1.102372
20231203_500101009_22:46,1.178492
20231203_500101009_22:47,1.303074
20231203_500101009_22:48,1.315189
20231203_500101009_22:49,1.148973
20231203_500101009_22:50,0.914850
20231203_500101009_22:51,0.759048
20231203_500101009_22:52,0.770223
20231203_500101009_22:53,0.904336
20231203_500101009_22:54,1.041096
20231203_500101009_22:55,1.076312
20231203_500101009_22:56,1.021092
20231203_500101009_22:57,0.975908
20231203_500101009_22:58,1.025706
20231203_500101009_22:59,1.150190
20231203_500101009_23:01,1.065440
20231203_500101009_23:02,0.944379
20231203_500101009_23:03,0.805007
20231203_500101009_23:04,0.729134
20231203_500101009_23:05,0.743469
20231203_500101009_23:06,0.796796
20231203_500101009_23:07,0.881145
20231203_500101009_23:08,0.959514
20231203_500101009_23:09,0.996059
20231203_500101009_23:10,0.967593
20231203_500101009_23:11,0.934958
20231203_500101009_23:12,0.912565
20231203_500101009_23:13,0.814209
20231203_500101009_23:15,0.420978
20231203_500101009_23:16,0.235944
20231203_500101009_23:17,0.169090
20231203_500101009_23:18,0.187134
20231203_500101009_23:19,0.247582
20231203_500101009_23:21,0.246352
20231203_500101009_23:22,0.189338
20231203_500101009_23:23,0.172987
20231203_500101009_23:24,0.145594
20231203_500101009_23:25,0.060591
20231203_500101009_23:26,0.023821
20231203_500101009_23:27,0.015790
20231203_500101009_23:28,0.018893
20231203_500101009_23:29,0.035169
20231203_500101009_23:30,0.060664
20231203_500101009_23:31,0.147571
20231203_500101009_23:32,0.390045
20231203_500101009_23:33,0.625995
20231203_500101009_23:34,0.864541
20231203_500101009_23:35,0.893230
20231203_500101009_23:36,0.848207
20231203_500101009_23:37,0.795303
20231203_500101009_23:38,0.712692
20231203_500101009_23:39,0.706439
20231203_500101009_23:40,0.668558
20231203_500101009_23:41,0.537760
20231203_500101009_23:42,0.443700
20231203_500101009_23:43,0.372705
20231203_500101009_23:44,0.381184
20231203_500101009_23:45,0.399719
20231203_500101009_23:46,0.479071
20231203_500101009_23:47,0.467932
20231203_500101009_23:48,0.344285
20231203_500101009_23:49,0.163282
20231203_500101009_23:50,0.006044
20231204_500101009_00:01,10.220535
20231204_500101009_00:02,10.252253
20231204_500101009_00:03,10.288718
20231204_500101009_00:04,10.291861
20231204_500101009_00:05,10.274778
20231204_500101009_00:06,10.252872
20231204_500101009_00:07,10.234983
20231204_500101009_00:08,10.214508
20231204_500101009_00:09,10.172419
20231204_500101009_00:10,10.148496
20231204_500101009_00:11,10.085061
20231204_500101009_00:12,9.947871
20231204_500101009_00:13,9.800889
20231204_500101009_00:14,9.708870
20231204_500101009_00:15,9.692138
20231204_500101009_00:16,9.713392
20231204_500101009_00:17,9.705602
20231204_500101009_00:18,9.677191
20231204_500101009_00:19,9.642777
20231204_500101009_00:21,9.739830
20231204_500101009_00:22,9.888292
20231204_500101009_00:23,9.936966
20231204_500101009_00:24,9.889725
20231204_500101009_00:25,9.794900
20231204_500101009_00:26,9.766181
20231204_500101009_00:27,9.872920
20231204_500101009_00:28,10.002319
20231204_500101009_00:29,10.110943
20231204_500101009_00:30,10.097788
20231204_500101009_00:31,10.035431
20231204_500101009_00:32,10.020623
20231204_500101009_00:33,10.115270
20231204_500101009_00:34,10.274727
20231204_500101009_00:35,10.354951
20231204_500101009_00:36,10.316128
20231204_500101009_00:37,10.228214
20231204_500101009_00:38,10.151969
20231204_500101009_00:39,10.195086
20231204_500101009_00:40,10.277027
20231204_500101009_00:41,10.332647
20231204_500101009_00:42,10.345584
20231204_500101009_00:43,10.281853
20231204_500101009_00:44,10.213794
20231204_500101009_00:45,10.235603
20231204_500101009_00:46,10.244377
20231204_500101009_00:47,10.363355
20231204_500101009_00:48,10.411119
20231204_500101009_00:49,10.356577
20231204_500101009_00:50,10.256223
20231204_500101009_00:51,10.244260
20231204_500101009_00:52,10.285558
20231204_500101009_00:53,10.325444
20231204_500101009_00:54,10.373646
20231204_500101009_00:55,10.334039
20231204_500101009_00:56,10.262438
20231204_500101009_00:57,10.204472
20231204_500101009_00:58,10.240555
20231204_500101009_00:59,10.345249
20231204_500101009_01:00,10.429533
20231204_500101009_01:01,10.439060
20231204_500101009_01:02,10.321890
20231204_500101009_01:03,10.210367
20231204_500101009_01:04,10.184064
20231204_500101009_01:05,10.255966
20231204_500101009_01:06,10.318881
20231204_500101009_01:07,10.327465
20231204_500101009_01:08,10.261959
20231204_500101009_01:09,10.192175
20231204_500101009_01:10,10.201074
20231204_500101009_01:11,10.305733
20231204_500101009_01:12,10.437879
20231204_500101009_01:13,10.501869
20231204_500101009_01:14,10.447680
20231204_500101009_01:15,10.382271
20231204_500101009_01:16,10.356534
20231204_500101009_01:18,10.434879
20231204_500101009_01:19,10.454879
20231204_500101009_01:21,10.278488
20231204_500101009_01:22,10.207230
20231204_500101009_01:24,10.260612
20231204_500101009_01:25,10.287821
20231204_500101009_01:26,10.240681
20231204_500101009_01:27,10.058521
20231204_500101009_01:28,9.956177
20231204_500101009_01:29,9.944310
20231204_500101009_01:31,9.966845
20231204_500101009_01:32,9.955817
20231204_500101009_01:33,9.886358
20231204_500101009_01:34,9.802112
20231204_500101009_01:35,9.773434
20231204_500101009_01:36,9.821252
20231204_500101009_01:37,9.895697
20231204_500101009_01:39,9.863317
20231204_500101009_01:41,11.550935
20231204_500101009_01:42,11.590082
20231204_500101009_01:43,11.597828
20231204_500101009_01:44,11.616180
20231204_500101009_01:45,11.603212
20231204_500101009_01:46,11.545578
20231204_500101009_01:47,11.469424
20231204_500101009_01:48,11.399202
20231204_500101009_01:49,11.386452
20231204_500101009_01:51,11.463887
20231204_500101009_01:52,11.423512
20231204_500101009_01:53,11.370099
20231204_500101009_01:54,11.329000
20231204_500101009_01:55,11.358696
20231204_500101009_01:56,11.427616
20231204_500101009_01:57,11.471542
20231204_500101009_01:58,11.466034
20231204_500101009_01:59,11.450464
20231204_500101009_02:01,11.513887
20231204_500101009_02:02,11.559495
20231204_500101009_02:04,11.598428
20231204_500101009_02:05,11.608159
20231204_500101009_02:06,11.619549
20231204_500101009_02:07,11.630744
20231204_500101009_02:08,11.672763
20231204_500101009_02:09,11.700124
20231204_500101009_02:11,11.681720
20231204_500101009_02:13,11.620794
20231204_500101009_02:14,11.632584
20231204_500101009_02:15,11.639222
20231204_500101009_02:16,11.693795
20231204_500101009_02:17,11.695286
20231204_500101009_02:18,11.710528
20231204_500101009_02:19,11.735116
20231204_500101009_02:22,11.857194
20231204_500101009_02:23,11.868382
20231204_500101009_02:24,11.861324
20231204_500101009_02:25,11.846145
20231204_500101009_02:26,11.847198
20231204_500101009_02:27,11.870257
20231204_500101009_02:28,11.904118
20231204_500101009_02:29,11.934291
20231204_500101009_02:31,11.974709
20231204_500101009_02:32,12.002522
20231204_500101009_02:33,12.039227
20231204_500101009_02:34,12.071489
20231204_500101009_02:35,12.082146
20231204_500101009_02:36,12.065215
20231204_500101009_02:37,11.975677
20231204_500101009_02:38,11.980851
20231204_500101009_02:39,11.975417
20231204_500101009_02:40,11.999660
20231204_500101009_02:41,10.910835
20231204_500101009_02:42,10.851826
20231204_500101009_02:43,10.707757
20231204_500101009_02:44,10.564544
20231204_500101009_02:45,10.505629
20231204_500101009_02:46,10.536045
20231204_500101009_02:47,10.583440
20231204_500101009_02:48,10.574932
20231204_500101009_02:49,12.271538
20231204_500101009_02:50,12.271525
20231204_500101009_02:51,12.273087
20231204_500101009_02:52,12.167001
20231204_500101009_02:53,12.215287
20231204_500101009_02:54,12.294060
20231204_500101009_02:55,12.241504
20231204_500101009_02:56,12.284609
20231204_500101009_02:57,12.303617
20231204_500101009_02:58,12.354203
20231204_500101009_02:59,12.315660
20231204_500101009_03:00,12.325208
20231204_500101009_03:01,12.346628
20231204_500101009_03:02,12.331814
20231204_500101009_03:03,12.304069
20231204_500101009_03:04,12.180078
20231204_500101009_03:05,12.255710
20231204_500101009_03:06,12.314964
20231204_500101009_03:07,12.374953
20231204_500101009_03:08,12.138722
20231204_500101009_03:09,12.094343
20231204_500101009_03:10,12.012207
20231204_500101009_03:11,10.063684
20231204_500101009_03:12,9.862310
20231204_500101009_03:13,9.640224
20231204_500101009_03:14,9.447495
20231204_500101009_03:15,9.414660
20231204_500101009_03:16,9.424452
20231204_500101009_03:17,9.335660
20231204_500101009_03:18,9.330044
20231204_500101009_03:19,9.280828
20231204_500101009_03:21,9.147830
20231204_500101009_03:22,9.188389
20231204_500101009_03:23,9.070824
20231204_500101009_03:24,9.079643
20231204_500101009_03:25,8.867033
20231204_500101009_03:26,8.615044
20231204_500101009_03:27,4.631137
20231204_500101009_03:28,4.616113
20231204_500101009_03:29,4.594034
20231204_500101009_03:30,4.549916
20231204_500101009_03:31,4.471477
20231204_500101009_03:32,4.359402
20231204_500101009_03:33,4.314257
20231204_500101009_03:34,4.265410
20231204_500101009_03:35,4.133265
20231204_500101009_03:36,4.087346
20231204_500101009_03:37,4.033021
20231204_500101009_03:38,3.970214
20231204_500101009_03:39,3.929663
20231204_500101009_03:40,3.828264
20231204_500101009_03:41,3.825518
20231204_500101009_03:42,3.817011
20231204_500101009_03:43,3.726328
20231204_500101009_03:44,3.693984
20231204_500101009_03:45,3.737452
20231204_500101009_03:46,3.771098
20231204_500101009_03:47,3.833590
20231204_500101009_03:48,3.907888
20231204_500101009_03:49,4.081918
20231204_500101009_03:50,4.167766
20231204_500101009_03:51,4.248973
20231204_500101009_03:52,4.418386
20231204_500101009_03:53,4.501698
20231204_500101009_03:54,4.583929
20231204_500101009_03:55,4.739886
20231204_500101009_03:56,4.766032
20231204_500101009_03:57,4.758154
20231204_500101009_03:58,4.729002
20231204_500101009_03:59,4.804901
20231204_500101009_04:00,4.847492
20231204_500101009_04:01,4.887125
20231204_500101009_04:02,4.866751
20231204_500101009_04:03,4.763547
20231204_500101009_04:04,4.810718
20231204_500101009_04:05,4.790184
20231204_500101009_04:06,4.785303
20231204_500101009_04:07,4.805853
20231204_500101009_04:08,4.948832
20231204_500101009_04:09,9.865158
20231204_500101009_04:10,9.984346
20231204_500101009_04:11,10.227699
20231204_500101009_04:12,10.294940
20231204_500101009_04:13,10.501677
20231204_500101009_04:14,10.667918
20231204_500101009_04:15,10.520649
20231204_500101009_04:16,10.306366
20231204_500101009_04:17,10.219948
20231204_500101009_04:18,10.134109
20231204_500101009_04:19,10.175370
20231204_500101009_04:21,10.429825
20231204_500101009_04:22,5.298997
20231204_500101009_04:23,5.261209
20231204_500101009_04:24,5.149833
20231204_500101009_04:25,4.932412
20231204_500101009_04:26,4.793418
20231204_500101009_04:27,4.728089
20231204_500101009_04:28,4.611552
20231204_500101009_04:29,4.427245
20231204_500101009_04:30,4.393281
20231204_500101009_04:31,4.352526
20231204_500101009_04:32,4.255257
20231204_500101009_04:33,3.942356
20231204_500101009_04:34,3.816145
20231204_500101009_04:35,3.757943
20231204_500101009_04:36,3.842867
20231204_500101009_04:37,3.961822
20231204_500101009_04:38,4.041240
20231204_500101009_04:39,4.081070
20231204_500101009_04:40,4.096467
20231204_500101009_04:41,4.091181
20231204_500101009_04:42,4.083435
20231204_500101009_04:43,4.087692
20231204_500101009_04:44,4.082890
20231204_500101009_04:45,3.998210
20231204_500101009_04:46,3.879213
20231204_500101009_04:47,3.741457
20231204_500101009_04:48,3.689368
20231204_500101009_04:49,3.675910
20231204_500101009_04:50,3.719064
20231204_500101009_04:51,3.733064
20231204_500101009_04:52,3.665754
20231204_500101009_04:54,3.429915
20231204_500101009_04:55,3.358323
20231204_500101009_04:56,3.318039
20231204_500101009_04:58,3.241656
20231204_500101009_04:59,3.151261
20231204_500101009_05:00,3.139023
20231204_500101009_05:01,3.182106
20231204_500101009_05:03,3.439422
20231204_500101009_05:04,3.479787
20231204_500101009_05:05,3.456566
20231204_500101009_05:06,3.393941
20231204_500101009_05:07,3.446742
20231204_500101009_05:09,3.593338
20231204_500101009_05:11,3.585001
20231204_500101009_05:13,3.538347
20231204_500101009_05:14,3.669276
20231204_500101009_05:15,3.758172
20231204_500101009_05:16,3.748656
20231204_500101009_05:17,3.645449
20231204_500101009_05:18,3.529022
20231204_500101009_05:19,3.493981
20231204_500101009_05:22,3.565163
20231204_500101009_05:24,3.531069
20231204_500101009_05:25,3.479059
20231204_500101009_05:26,3.544807
20231204_500101009_05:27,3.718687
20231204_500101009_05:28,3.870377
20231204_500101009_05:29,3.910306
20231204_500101009_05:31,3.817756
20231204_500101009_05:32,3.804834
20231204_500101009_05:33,3.873917
20231204_500101009_05:34,4.042672
20231204_500101009_05:35,4.114249
20231204_500101009_05:36,4.097307
20231204_500101009_05:37,4.025717
20231204_500101009_05:38,3.995454
20231204_500101009_05:39,4.056682
20231204_500101009_05:41,4.198388
20231204_500101009_05:42,4.093032
20231204_500101009_05:43,3.882033
20231204_500101009_05:44,3.751816
20231204_500101009_05:46,3.823979
20231204_500101009_05:48,4.010044
20231204_500101009_05:49,4.004059
20231204_500101009_05:51,4.028989
20231204_500101009_05:52,4.170043
20231204_500101009_05:53,4.322039
20231204_500101009_05:54,4.398279
20231204_500101009_05:55,4.358901
20231204_500101009_05:56,4.360611
20231204_500101009_05:57,4.291463
20231204_500101009_05:59,4.462400
20231204_500101009_06:01,4.562776
20231204_500101009_06:03,4.414411
20231204_500101009_06:04,4.408120
20231204_500101009_06:05,4.472402
20231204_500101009_06:06,4.476202
20231204_500101009_06:07,4.356460
20231204_500101009_06:08,4.152943
20231204_500101009_06:09,3.981528
20231204_500101009_06:11,3.882384
20231204_500101009_06:12,3.952030
20231204_500101009_06:13,3.987689
20231204_500101009_06:14,3.938612
20231204_500101009_06:15,3.897780
20231204_500101009_06:16,3.908283
20231204_500101009_06:17,4.018630
20231204_500101009_06:18,4.141783
20231204_500101009_06:19,4.241699
20231204_500101009_06:21,4.160246
20231204_500101009_06:22,4.080507
20231204_500101009_06:23,4.091640
20231204_500101009_06:24,4.234925
20231204_500101009_06:25,4.378234
20231204_500101009_06:26,4.427926
20231204_500101009_06:27,4.399057
20231204_500101009_06:28,4.380980
20231204_500101009_06:29,4.408055
20231204_500101009_06:31,4.585962
20231204_500101009_06:32,4.601427
20231204_500101009_06:33,4.516291
20231204_500101009_06:35,4.284895
20231204_500101009_06:36,4.286293
20231204_500101009_06:37,4.372441
20231204_500101009_06:38,4.440884
20231204_500101009_06:39,4.460048
20231204_500101009_06:40,4.413471
20231204_500101009_06:41,4.339077
20231204_500101009_06:43,4.492995
20231204_500101009_06:44,4.593105
20231204_500101009_06:45,4.473806
20231204_500101009_06:46,4.382068
20231204_500101009_06:47,4.293807
20231204_500101009_06:48,4.363717
20231204_500101009_06:49,4.530947
20231204_500101009_06:50,4.672658
20231204_500101009_06:51,4.729731
20231204_500101009_06:52,4.721156
20231204_500101009_06:53,4.702577
20231204_500101009_06:55,4.723134
20231204_500101009_06:56,4.776657
20231204_500101009_06:57,4.770130
20231204_500101009_06:58,4.701613
20231204_500101009_06:59,4.574576
20231204_500101009_07:02,4.521161
20231204_500101009_07:03,4.586942
20231204_500101009_07:04,4.577632
20231204_500101009_07:06,4.431562
20231204_500101009_07:07,4.444293
20231204_500101009_07:09,4.754672
20231204_500101009_07:10,4.736319
20231204_500101009_07:11,4.672801
20231204_500101009_07:12,4.634541
20231204_500101009_07:13,4.649678
20231204_500101009_07:14,4.784655
20231204_500101009_07:15,4.910705
20231204_500101009_07:16,5.004582
20231204_500101009_07:17,5.028048
20231204_500101009_07:18,4.995668
20231204_500101009_07:19,4.980222
20231204_500101009_07:21,5.196777
20231204_500101009_07:22,5.236792
20231204_500101009_07:23,5.130119
20231204_500101009_07:24,4.945932
20231204_500101009_07:25,4.778255
20231204_500101009_07:26,4.734857
20231204_500101009_07:27,4.759653
20231204_500101009_07:28,4.765485
20231204_500101009_07:29,4.675447
20231204_500101009_07:31,4.414211
20231204_500101009_07:32,4.389655
20231204_500101009_07:33,4.475658
20231204_500101009_07:34,4.512910
20231204_500101009_07:35,4.391215
20231204_500101009_07:36,4.223059
20231204_500101009_07:37,4.037831
20231204_500101009_07:38,3.917795
20231204_500101009_07:39,3.853617
20231204_500101009_07:40,3.918612
20231204_500101009_07:41,3.972198
20231204_500101009_07:42,3.938648
20231204_500101009_07:43,3.861728
20231204_500101009_07:44,3.767878
20231204_500101009_07:45,3.650858
20231204_500101009_07:46,3.623548
20231204_500101009_07:47,3.579219
20231204_500101009_07:48,3.458658
20231204_500101009_07:49,3.258386
20231204_500101009_07:50,3.036682
20231204_500101009_07:51,2.865228
20231204_500101009_07:52,2.787936
20231204_500101009_07:53,2.731409
20231204_500101009_07:54,2.648100
20231204_500101009_07:55,2.521076
20231204_500101009_07:56,2.390359
20231204_500101009_07:57,2.275846
20231204_500101009_07:58,2.333270
20231204_500101009_07:59,2.366469
20231204_500101009_08:01,2.336710
20231204_500101009_08:02,2.365487
20231204_500101009_08:03,2.359159
20231204_500101009_08:04,2.365660
20231204_500101009_08:05,2.359666
20231204_500101009_08:06,2.332712
20231204_500101009_08:07,2.347145
20231204_500101009_08:08,2.316158
20231204_500101009_08:09,2.290187
20231204_500101009_08:10,2.353058
20231204_500101009_08:11,2.479145
20231204_500101009_08:12,2.514817
20231204_500101009_08:13,2.508650
20231204_500101009_08:14,2.440691
20231204_500101009_08:15,2.355734
20231204_500101009_08:16,2.287204
20231204_500101009_08:17,2.314332
20231204_500101009_08:18,2.321774
20231204_500101009_08:19,2.315274
20231204_500101009_08:21,2.222027
20231204_500101009_08:22,2.190395
20231204_500101009_08:23,2.287339
20231204_500101009_08:24,2.418885
20231204_500101009_08:25,2.471794
20231204_500101009_08:26,2.488026
20231204_500101009_08:27,2.407950
20231204_500101009_08:28,2.375794
20231204_500101009_08:29,2.476113
20231204_500101009_08:31,2.558726
20231204_500101009_08:32,2.552739
20231204_500101009_08:33,2.524766
20231204_500101009_08:34,2.493314
20231204_500101009_08:35,2.474454
20231204_500101009_08:36,2.527122
20231204_500101009_08:37,2.565925
20231204_500101009_08:38,2.557305
20231204_500101009_08:39,2.493252
20231204_500101009_08:40,2.509936
20231204_500101009_08:41,2.444790
20231204_500101009_08:42,2.486497
20231204_500101009_08:43,2.569257
20231204_500101009_08:44,2.680128
20231204_500101009_08:45,2.759817
20231204_500101009_08:46,2.781713
20231204_500101009_08:47,2.846349
20231204_500101009_08:48,2.923295
20231204_500101009_08:49,3.083597
20231204_500101009_08:50,3.127906
20231204_500101009_08:51,3.148210
20231204_500101009_08:52,3.093965
20231204_500101009_08:53,3.123580
20231204_500101009_08:54,3.199074
20231204_500101009_08:55,3.203803
20231204_500101009_08:56,3.286696
20231204_500101009_08:57,3.305538
20231204_500101009_08:58,3.319479
20231204_500101009_08:59,3.299991
20231204_500101009_09:01,3.190715
20231204_500101009_09:02,3.160936
20231204_500101009_09:03,3.104661
20231204_500101009_09:04,2.986459
20231204_500101009_09:05,2.858198
20231204_500101009_09:06,2.734717
20231204_500101009_09:07,2.712499
20231204_500101009_09:08,2.685760
20231204_500101009_09:09,2.632155
20231204_500101009_09:10,2.704656
20231204_500101009_09:11,2.673229
20231204_500101009_09:12,2.658638
20231204_500101009_09:13,2.734011
20231204_500101009_09:14,2.838601
20231204_500101009_09:15,2.862893
20231204_500101009_09:16,2.827194
20231204_500101009_09:17,2.693503
20231204_500101009_09:18,2.730846
20231204_500101009_09:19,2.679650
20231204_500101009_09:21,2.813715
20231204_500101009_09:22,2.828279
20231204_500101009_09:23,2.803521
20231204_500101009_09:25,2.765561
20231204_500101009_09:26,2.674552
20231204_500101009_09:28,2.737056
20231204_500101009_09:29,2.694849
20231204_500101009_09:31,2.626646
20231204_500101009_09:32,2.597015
20231204_500101009_09:34,2.597868
20231204_500101009_09:35,2.738503
20231204_500101009_09:36,2.686598
20231204_500101009_09:37,2.774312
20231204_500101009_09:38,2.987637
20231204_500101009_09:39,3.223524
20231204_500101009_09:41,3.438881
20231204_500101009_09:42,3.382273
20231204_500101009_09:43,3.421062
20231204_500101009_09:44,3.498539
20231204_500101009_09:45,3.682960
20231204_500101009_09:46,3.788733
20231204_500101009_09:47,3.581286
20231204_500101009_09:48,3.494467
20231204_500101009_09:49,3.384402
20231204_500101009_09:50,3.498612
20231204_500101009_09:52,3.728461
20231204_500101009_09:54,3.615812
20231204_500101009_09:55,3.428171
20231204_500101009_09:56,3.380167
20231204_500101009_09:57,3.426533
20231204_500101009_09:59,3.534358
20231204_500101009_10:00,3.499466
20231204_500101009_10:02,3.365752
20231204_500101009_10:03,3.494948
20231204_500101009_10:04,3.735148
20231204_500101009_10:06,3.844620
20231204_500101009_10:07,3.883599
20231204_500101009_10:08,3.846699
20231204_500101009_10:09,3.921984
20231204_500101009_10:11,3.964981
20231204_500101009_10:12,3.919717
20231204_500101009_10:13,3.845103
20231204_500101009_10:15,3.791734
20231204_500101009_10:16,3.745364
20231204_500101009_10:17,3.657039
20231204_500101009_10:19,3.586015
20231204_500101009_10:22,3.394406
20231204_500101009_10:23,3.386893
20231204_500101009_10:25,3.363038
20231204_500101009_10:26,3.331812
20231204_500101009_10:27,3.269459
20231204_500101009_10:28,3.308421
20231204_500101009_10:29,3.468580
20231204_500101009_10:31,3.447385
20231204_500101009_10:32,3.371242
20231204_500101009_10:33,3.291908
20231204_500101009_10:34,3.313793
20231204_500101009_10:35,3.379296
20231204_500101009_10:37,3.222268
20231204_500101009_10:38,3.079944
20231204_500101009_10:39,2.953727
20231204_500101009_10:41,2.940537
20231204_500101009_10:42,2.984168
20231204_500101009_10:43,2.915653
20231204_500101009_10:44,2.856441
20231204_500101009_10:45,2.742076
20231204_500101009_10:46,2.623302
20231204_500101009_10:47,2.619212
20231204_500101009_10:48,2.624515
20231204_500101009_10:49,2.589348
20231204_500101009_10:50,2.554147
20231204_500101009_10:52,2.417220
20231204_500101009_10:53,9.798838
20231204_500101009_10:55,9.986969
20231204_500101009_10:56,10.057695
20231204_500101009_10:58,9.950428
20231204_500101009_10:59,2.795533
20231204_500101009_11:01,2.801135
20231204_500101009_11:03,2.527337
20231204_500101009_11:04,2.360957
20231204_500101009_11:05,2.253929
20231204_500101009_11:06,2.290642
20231204_500101009_11:07,2.304501
20231204_500101009_11:08,2.346954
20231204_500101009_11:09,2.177429
20231204_500101009_11:11,2.156410
20231204_500101009_11:12,2.201738
20231204_500101009_11:13,2.214216
20231204_500101009_11:14,2.171174
20231204_500101009_11:15,2.053525
20231204_500101009_11:16,1.968405
20231204_500101009_11:17,2.024661
20231204_500101009_11:18,2.212100
20231204_500101009_11:19,2.470578
20231204_500101009_11:21,2.674873
20231204_500101009_11:22,2.617958
20231204_500101009_11:23,2.599586
20231204_500101009_11:24,2.626952
20231204_500101009_11:25,2.691312
20231204_500101009_11:26,2.587260
20231204_500101009_11:27,2.415034
20231204_500101009_11:28,2.198339
20231204_500101009_11:29,2.022236
20231204_500101009_11:30,2.030071
20231204_500101009_11:31,2.136383
20231204_500101009_11:32,2.278844
20231204_500101009_11:33,2.178132
20231204_500101009_11:34,2.125322
20231204_500101009_11:35,1.857029
20231204_500101009_11:36,1.835050
20231204_500101009_11:37,1.867214
20231204_500101009_11:38,1.970063
20231204_500101009_11:39,1.998884
20231204_500101009_11:40,1.906339
20231204_500101009_11:41,1.820663
20231204_500101009_11:42,1.843973
20231204_500101009_11:43,2.043010
20231204_500101009_11:44,2.256764
20231204_500101009_11:45,2.384812
20231204_500101009_11:46,2.571208
20231204_500101009_11:47,2.596553
20231204_500101009_11:48,2.682129
20231204_500101009_11:49,2.770921
20231204_500101009_11:50,2.952115
20231204_500101009_11:51,3.017023
20231204_500101009_11:52,2.873896
20231204_500101009_11:53,2.743736
20231204_500101009_11:54,2.702985
20231204_500101009_11:55,2.704879
20231204_500101009_11:56,2.728858
20231204_500101009_11:57,2.725998
20231204_500101009_11:58,2.740542
20231204_500101009_11:59,2.650898
20231204_500101009_12:01,2.471293
20231204_500101009_12:02,2.624496
20231204_500101009_12:03,2.709897
20231204_500101009_12:04,2.642402
20231204_500101009_12:05,2.638649
20231204_500101009_12:06,2.548676
20231204_500101009_12:07,2.587458
20231204_500101009_12:08,2.719792
20231204_500101009_12:09,3.059425
20231204_500101009_12:10,3.261210
20231204_500101009_12:11,3.280865
20231204_500101009_12:12,3.298810
20231204_500101009_12:13,3.331586
20231204_500101009_12:14,3.366163
20231204_500101009_12:15,3.258269
20231204_500101009_12:16,3.293838
20231204_500101009_12:17,3.389247
20231204_500101009_12:18,3.368123
20231204_500101009_12:19,3.225213
20231204_500101009_12:21,3.372611
20231204_500101009_12:22,3.413667
20231204_500101009_12:23,3.548812
20231204_500101009_12:24,3.516831
20231204_500101009_12:25,3.417392
20231204_500101009_12:26,3.357975
20231204_500101009_12:27,3.443925
20231204_500101009_12:28,3.649780
20231204_500101009_12:29,3.794259
20231204_500101009_12:30,3.839768
20231204_500101009_12:31,10.375699
20231204_500101009_12:32,10.350788
20231204_500101009_12:33,10.397526
20231204_500101009_12:34,10.527416
20231204_500101009_12:35,10.616670
20231204_500101009_12:36,10.642776
20231204_500101009_12:37,10.546934
20231204_500101009_12:38,10.429117
20231204_500101009_12:39,10.290116
20231204_500101009_12:40,10.209356
20231204_500101009_12:41,10.194880
20231204_500101009_12:42,10.100146
20231204_500101009_12:43,9.898890
20231204_500101009_12:44,9.746586
20231204_500101009_12:45,9.725774
20231204_500101009_12:46,9.803768
20231204_500101009_12:47,9.920032
20231204_500101009_12:48,9.972639
20231204_500101009_12:49,9.987577
20231204_500101009_12:50,9.802051
20231204_500101009_12:51,9.728214
20231204_500101009_12:52,9.669143
20231204_500101009_12:53,9.582710
20231204_500101009_12:54,9.708690
20231204_500101009_12:55,9.645381
20231204_500101009_12:56,9.552858
20231204_500101009_12:57,9.554923
20231204_500101009_12:58,9.590582
20231204_500101009_12:59,9.677498
20231204_500101009_13:00,9.759192
20231204_500101009_13:02,9.870917
20231204_500101009_13:03,9.795988
20231204_500101009_13:04,9.672527
20231204_500101009_13:05,9.572728
20231204_500101009_13:06,9.579896
20231204_500101009_13:07,9.571280
20231204_500101009_13:08,3.004672
20231204_500101009_13:09,2.816698
20231204_500101009_13:10,2.707706
20231204_500101009_13:11,2.683389
20231204_500101009_13:12,2.699323
20231204_500101009_13:13,2.688577
20231204_500101009_13:14,2.583689
20231204_500101009_13:15,2.425114
20231204_500101009_13:16,2.217813
20231204_500101009_13:17,2.124431
20231204_500101009_13:18,2.099994
20231204_500101009_13:19,2.107931
20231204_500101009_13:21,2.056700
20231204_500101009_13:22,2.055563
20231204_500101009_13:23,2.071661
20231204_500101009_13:24,2.213883
20231204_500101009_13:25,2.366688
20231204_500101009_13:26,2.467294
20231204_500101009_13:27,2.529658
20231204_500101009_13:28,2.548305
20231204_500101009_13:29,2.628387
20231204_500101009_13:30,2.703701
20231204_500101009_13:31,2.837678
20231204_500101009_13:32,2.931965
20231204_500101009_13:33,2.979058
20231204_500101009_13:34,2.951588
20231204_500101009_13:35,2.877220
20231204_500101009_13:36,2.759121
20231204_500101009_13:38,2.688489
20231204_500101009_13:39,2.690253
20231204_500101009_13:41,2.628630
20231204_500101009_13:43,2.510852
20231204_500101009_13:44,2.455743
20231204_500101009_13:45,2.472846
20231204_500101009_13:46,2.485089
20231204_500101009_13:47,2.475709
20231204_500101009_13:48,2.449389
20231204_500101009_13:49,2.452149
20231204_500101009_13:53,2.806562
20231204_500101009_14:00,2.821815
20231204_500101009_14:08,2.214736
20231204_500101009_14:10,2.160462
20231204_500101009_14:17,2.307971
20231204_500101009_14:29,8.977368
20231204_500101009_14:39,9.677509
20231204_500101009_14:48,10.183030
20231204_500101009_15:06,10.230586
20231204_500101009_15:17,8.357107
20231204_500101009_15:18,8.239771
20231204_500101009_15:19,8.287841
20231204_500101009_15:21,8.404099
20231204_500101009_15:22,8.388233
20231204_500101009_15:23,8.311403
20231204_500101009_15:24,8.211872
20231204_500101009_15:25,8.229782
20231204_500101009_15:26,8.418988
20231204_500101009_15:27,8.583503
20231204_500101009_15:28,8.732339
20231204_500101009_15:29,8.833361
20231204_500101009_15:31,9.001340
20231204_500101009_15:32,9.185362
20231204_500101009_15:33,9.317071
20231204_500101009_15:34,9.382004
20231204_500101009_15:35,9.339904
20231204_500101009_15:36,9.232500
20231204_500101009_15:37,9.305618
20231204_500101009_15:38,9.172949
20231204_500101009_15:39,9.450976
20231204_500101009_15:40,9.520257
20231204_500101009_15:41,9.602153
20231204_500101009_15:42,9.581090
20231204_500101009_15:43,9.557381
20231204_500101009_15:44,9.626486
20231204_500101009_15:45,9.663340
20231204_500101009_15:46,9.701640
20231204_500101009_15:47,9.672572
20231204_500101009_15:48,9.576750
20231204_500101009_15:49,9.506042
20231204_500101009_15:50,9.500637
20231204_500101009_15:51,9.571497
20231204_500101009_15:52,9.761016
20231204_500101009_15:53,9.824846
20231204_500101009_15:54,9.979116
20231204_500101009_15:55,9.934647
20231204_500101009_15:56,9.982000
20231204_500101009_15:57,10.072483
20231204_500101009_15:58,10.241560
20231204_500101009_15:59,10.274585
20231204_500101009_16:00,10.293219
20231204_500101009_16:02,10.032509
20231204_500101009_16:03,9.960665
20231204_500101009_16:04,9.878634
20231204_500101009_16:05,9.913245
20231204_500101009_16:06,9.840569
20231204_500101009_16:07,9.797591
20231204_500101009_16:08,9.828779
20231204_500101009_16:09,9.838743
20231204_500101009_16:10,9.897803
20231204_500101009_16:11,9.953503
20231204_500101009_16:12,9.948443
20231204_500101009_16:13,9.875634
20231204_500101009_16:14,9.790968
20231204_500101009_16:15,9.769947
20231204_500101009_16:16,9.846266
20231204_500101009_16:17,9.986619
20231204_500101009_16:18,10.175542
20231204_500101009_16:19,10.267141
20231204_500101009_16:21,10.410560
20231204_500101009_16:22,10.459204
20231204_500101009_16:23,10.537254
20231204_500101009_16:24,10.595741
20231204_500101009_16:25,10.588496
20231204_500101009_16:26,10.549436
20231204_500101009_16:27,10.500430
20231204_500101009_16:28,10.493482
20231204_500101009_16:29,10.542905
20231204_500101009_16:30,10.615903
20231204_500101009_16:31,10.664105
20231204_500101009_16:32,10.588999
20231204_500101009_16:33,10.570352
20231204_500101009_16:34,10.650866
20231204_500101009_16:35,10.694265
20231204_500101009_16:36,10.695269
20231204_500101009_16:37,10.733554
20231204_500101009_16:38,10.649452
20231204_500101009_16:39,10.624550
20231204_500101009_16:40,10.478957
20231204_500101009_16:41,10.576524
20231204_500101009_16:42,10.617372
20231204_500101009_16:43,10.822934
20231204_500101009_16:44,10.867455
20231204_500101009_16:45,10.927020
20231204_500101009_16:46,10.893539
20231204_500101009_16:47,10.955584
20231204_500101009_16:48,11.032639
20231204_500101009_16:49,11.086187
20231204_500101009_16:50,11.076969
20231204_500101009_16:51,11.004207
20231204_500101009_16:52,10.911831
20231204_500101009_16:53,10.854637
20231204_500101009_16:54,10.854134
20231204_500101009_16:55,10.899901
20231204_500101009_16:56,10.948799
20231204_500101009_16:57,10.938961
20231204_500101009_16:58,10.827635
20231204_500101009_16:59,10.801230
20231204_500101009_17:01,10.933814
20231204_500101009_17:02,11.051886
20231204_500101009_17:03,11.011536
20231204_500101009_17:04,10.974237
20231204_500101009_17:05,11.002712
20231204_500101009_17:06,11.109864
20231204_500101009_17:07,11.271546
20231204_500101009_17:08,11.433104
20231204_500101009_17:09,11.550111
20231204_500101009_17:10,11.560653
20231204_500101009_17:11,11.645763
20231204_500101009_17:12,11.754044
20231204_500101009_17:13,11.936799
20231204_500101009_17:14,12.081155
20231204_500101009_17:15,12.104694
20231204_500101009_17:16,10.742572
20231204_500101009_17:17,10.797647
20231204_500101009_17:18,10.863273
20231204_500101009_17:19,10.985689
20231204_500101009_17:21,11.274609
20231204_500101009_17:22,11.394728
20231204_500101009_17:23,11.437915
20231204_500101009_17:24,11.611141
20231204_500101009_17:25,11.788111
20231204_500101009_17:26,11.930924
20231204_500101009_17:27,12.016698
20231204_500101009_17:28,12.065682
20231204_500101009_17:29,12.128359
20231204_500101009_17:31,12.416879
20231204_500101009_17:32,12.698246
20231204_500101009_17:33,12.856991
20231204_500101009_17:34,12.968554
20231204_500101009_17:35,13.057644
20231204_500101009_17:36,13.115469
20231204_500101009_17:37,13.236426
20231204_500101009_17:38,13.771769
20231204_500101009_17:39,13.848468
20231204_500101009_17:40,13.958017
20231204_500101009_17:41,13.896338
20231204_500101009_17:42,13.938637
20231204_500101009_17:43,13.933676
20231204_500101009_17:44,13.998363
20231204_500101009_17:45,14.081243
20231204_500101009_17:46,14.198791
20231204_500101009_17:47,14.196423
20231204_500101009_17:48,14.184959
20231204_500101009_17:49,14.196872
20231204_500101009_17:50,14.260198
20231204_500101009_17:51,14.123178
20231204_500101009_17:52,14.178060
20231204_500101009_17:53,14.173872
20231204_500101009_17:54,13.972367
20231204_500101009_17:55,14.190494
20231204_500101009_17:57,14.310399
20231204_500101009_17:58,14.469881
20231204_500101009_17:59,14.467579
20231204_500101009_18:01,15.164470
20231204_500101009_18:02,15.350264
20231204_500101009_18:03,15.370094
20231204_500101009_18:04,15.478068
20231204_500101009_18:05,15.524529
20231204_500101009_18:06,15.572544
20231204_500101009_18:08,15.615328
20231204_500101009_18:09,15.519093
20231204_500101009_18:10,15.561171
20231204_500101009_18:11,15.614704
20231204_500101009_18:13,15.866366
20231204_500101009_18:14,15.989340
20231204_500101009_18:15,16.000000
20231204_500101009_18:16,15.697183
20231204_500101009_18:17,15.785076
20231204_500101009_18:18,15.804340
20231204_500101009_18:19,16.000000
20231204_500101009_18:21,15.997450
20231204_500101009_18:23,16.000000
20231204_500101009_18:24,16.000000
20231204_500101009_18:25,16.000000
20231204_500101009_18:26,16.000000
20231204_500101009_18:27,16.000000
20231204_500101009_18:28,16.000000
20231204_500101009_18:29,16.000000
20231204_500101009_18:32,16.000000
20231204_500101009_18:33,16.000000
20231204_500101009_18:34,16.000000
20231204_500101009_18:35,16.000000
20231204_500101009_18:36,16.000000
20231204_500101009_18:37,16.000000
20231204_500101009_18:39,16.000000
20231204_500101009_18:40,16.000000
20231204_500101009_18:41,16.000000
20231204_500101009_18:43,16.000000
20231204_500101009_18:44,16.000000
20231204_500101009_18:45,16.000000
20231204_500101009_18:46,16.000000
20231204_500101009_18:47,16.000000
20231204_500101009_18:49,16.000000
20231204_500101009_18:51,16.000000
20231204_500101009_18:52,16.000000
20231204_500101009_18:53,16.000000
20231204_500101009_18:54,16.000000
20231204_500101009_18:55,16.000000
20231204_500101009_18:56,16.000000
20231204_500101009_18:57,16.000000
20231204_500101009_18:58,16.000000
20231204_500101009_18:59,16.000000
20231204_500101009_19:01,16.000000
20231204_500101009_19:02,16.000000
20231204_500101009_19:03,16.000000
20231204_500101009_19:05,16.000000
20231204_500101009_19:06,16.000000
20231204_500101009_19:07,16.000000
20231204_500101009_19:08,16.000000
20231204_500101009_19:09,16.000000
20231204_500101009_19:11,16.000000
20231204_500101009_19:12,16.000000
20231204_500101009_19:13,16.000000
20231204_500101009_19:14,16.000000
20231204_500101009_19:15,16.000000
20231204_500101009_19:16,16.000000
20231204_500101009_19:17,16.000000
20231204_500101009_19:18,16.000000
20231204_500101009_19:19,16.000000
20231204_500101009_19:21,16.000000
20231204_500101009_19:22,16.000000
20231204_500101009_19:23,16.000000
20231204_500101009_19:24,16.000000
20231204_500101009_19:25,16.000000
20231204_500101009_19:26,16.000000
20231204_500101009_19:27,16.000000
20231204_500101009_19:28,16.000000
20231204_500101009_19:29,16.000000
20231204_500101009_19:31,16.000000
20231204_500101009_19:32,16.000000
20231204_500101009_19:33,16.000000
20231204_500101009_19:34,16.000000
20231204_500101009_19:35,16.000000
20231204_500101009_19:36,16.000000
20231204_500101009_19:37,16.000000
20231204_500101009_19:38,16.000000
20231204_500101009_19:39,16.000000
20231204_500101009_19:41,16.000000
20231204_500101009_19:42,16.000000
20231204_500101009_19:43,16.000000
20231204_500101009_19:44,16.000000
20231204_500101009_19:45,16.000000
20231204_500101009_19:46,16.000000
20231204_500101009_19:47,16.000000
20231204_500101009_19:48,16.000000
20231204_500101009_19:49,16.000000
20231204_500101009_19:51,16.000000
20231204_500101009_19:52,16.000000
20231204_500101009_19:53,16.000000
20231204_500101009_19:54,16.000000
20231204_500101009_19:55,16.000000
20231204_500101009_19:56,16.000000
20231204_500101009_19:57,16.000000
20231204_500101009_19:58,16.000000
20231204_500101009_19:59,16.000000
20231204_500101009_20:00,16.000000
20231204_500101009_20:02,16.000000
20231204_500101009_20:03,16.000000
20231204_500101009_20:04,16.000000
20231204_500101009_20:05,16.000000
20231204_500101009_20:06,16.000000
20231204_500101009_20:07,16.000000
20231204_500101009_20:08,16.000000
20231204_500101009_20:09,16.000000
20231204_500101009_20:10,16.000000
20231204_500101009_20:11,16.000000
20231204_500101009_20:12,16.000000
20231204_500101009_20:13,16.000000
20231204_500101009_20:14,16.000000
20231204_500101009_20:15,16.000000
20231204_500101009_20:16,16.000000
20231204_500101009_20:17,16.000000
20231204_500101009_20:18,16.000000
20231204_500101009_20:19,16.000000
20231204_500101009_20:21,16.000000
20231204_500101009_20:22,16.000000
20231204_500101009_20:23,16.000000
20231204_500101009_20:24,16.000000
20231204_500101009_20:25,15.935286
20231204_500101009_20:26,15.839215
20231204_500101009_20:27,15.883898
20231204_500101009_20:28,15.922894
20231204_500101009_20:29,16.000000
20231204_500101009_20:30,16.000000
20231204_500101009_20:31,16.000000
20231204_500101009_20:32,15.990884
20231204_500101009_20:33,16.000000
20231204_500101009_20:34,16.000000
20231204_500101009_20:35,16.000000
20231204_500101009_20:36,16.000000
20231204_500101009_20:37,16.000000
20231204_500101009_20:38,15.893304
20231204_500101009_20:39,15.862823
20231204_500101009_20:40,15.931305
20231204_500101009_20:41,15.994846
20231204_500101009_20:42,15.882669
20231204_500101009_20:43,15.825104
20231204_500101009_20:44,15.726498
20231204_500101009_20:45,15.837034
20231204_500101009_20:46,15.891920
20231204_500101009_20:47,15.976602
20231204_500101009_20:48,16.000000
20231204_500101009_20:49,16.000000
20231204_500101009_20:50,16.000000
20231204_500101009_20:51,15.921843
20231204_500101009_20:52,15.975943
20231204_500101009_20:53,16.000000
20231204_500101009_20:54,16.000000
20231204_500101009_20:55,15.898818
20231204_500101009_20:56,15.833300
20231204_500101009_20:57,15.629632
20231204_500101009_20:58,15.492930
20231204_500101009_20:59,15.439117
20231204_500101009_21:01,15.205030
20231204_500101009_21:02,14.860725
20231204_500101009_21:03,13.363149
20231204_500101009_21:04,13.307814
20231204_500101009_21:05,13.305419
20231204_500101009_21:06,13.230683
20231204_500101009_21:07,13.216949
20231204_500101009_21:08,13.188438
20231204_500101009_21:09,13.094463
20231204_500101009_21:10,13.119240
20231204_500101009_21:11,13.081368
20231204_500101009_21:12,12.986259
20231204_500101009_21:13,13.067284
20231204_500101009_21:14,12.917463
20231204_500101009_21:15,12.718821
20231204_500101009_21:16,12.718519
20231204_500101009_21:17,12.881388
20231204_500101009_21:18,12.899349
20231204_500101009_21:19,12.993449
20231204_500101009_21:21,13.094658
20231204_500101009_21:22,13.053642
20231204_500101009_21:23,13.110271
20231204_500101009_21:24,13.207432
20231204_500101009_21:25,13.270088
20231204_500101009_21:26,13.178352
20231204_500101009_21:27,13.113774
20231204_500101009_21:28,13.040589
20231204_500101009_21:29,13.026707
20231204_500101009_21:31,4.187512
20231204_500101009_21:32,3.986822
20231204_500101009_21:33,3.909847
20231204_500101009_21:34,3.898238
20231204_500101009_21:35,3.999100
20231204_500101009_21:36,3.992279
20231204_500101009_21:37,3.968357
20231204_500101009_21:38,3.869898
20231204_500101009_21:39,3.725079
20231204_500101009_21:41,3.609729
20231204_500101009_21:42,3.627938
20231204_500101009_21:43,3.594877
20231204_500101009_21:44,3.517805
20231204_500101009_21:45,3.490408
20231204_500101009_21:46,3.499076
20231204_500101009_21:47,3.562208
20231204_500101009_21:48,3.693816
20231204_500101009_21:49,3.779647
20231204_500101009_21:51,3.770897
20231204_500101009_21:52,3.712360
20231204_500101009_21:53,3.699245
20231204_500101009_21:54,3.700405
20231204_500101009_21:55,3.681579
20231204_500101009_21:56,3.619791
20231204_500101009_21:57,3.614544
20231204_500101009_21:58,3.618707
20231204_500101009_21:59,3.610396
20231204_500101009_22:00,3.571151
20231204_500101009_22:02,3.567595
20231204_500101009_22:03,3.564730
20231204_500101009_22:04,3.514830
20231204_500101009_22:05,3.461478
20231204_500101009_22:06,3.429851
20231204_500101009_22:07,3.380769
20231204_500101009_22:08,3.330189
20231204_500101009_22:09,11.652350
20231204_500101009_22:11,11.633908
20231204_500101009_22:12,11.535095
20231204_500101009_22:13,11.542377
20231204_500101009_22:14,11.637346
20231204_500101009_22:15,11.595930
20231204_500101009_22:16,11.504853
20231204_500101009_22:17,11.317823
20231204_500101009_22:18,11.163314
20231204_500101009_22:19,11.106123
20231204_500101009_22:21,11.127224
20231204_500101009_22:22,11.244593
20231204_500101009_22:23,11.169769
20231204_500101009_22:24,11.124370
20231204_500101009_22:25,11.076083
20231204_500101009_22:26,11.161224
20231204_500101009_22:27,11.208703
20231204_500101009_22:28,11.205496
20231204_500101009_22:29,11.111305
20231204_500101009_22:31,11.097613
20231204_500101009_22:32,11.105137
20231204_500101009_22:33,11.085702
20231204_500101009_22:34,11.091273
20231204_500101009_22:35,11.075527
20231204_500101009_22:36,13.466827
20231204_500101009_22:37,13.350220
20231204_500101009_22:38,13.287886
20231204_500101009_22:39,13.422667
20231204_500101009_22:41,13.586294
20231204_500101009_22:42,13.483207
20231204_500101009_22:43,13.281729
20231204_500101009_22:44,13.189196
20231204_500101009_22:45,13.123047
20231204_500101009_22:46,13.247284
20231204_500101009_22:47,13.283789
20231204_500101009_22:48,13.315376
20231204_500101009_22:49,13.168768
20231204_500101009_22:51,13.085186
20231204_500101009_22:52,13.169024
20231204_500101009_22:53,13.274943
20231204_500101009_22:54,13.290429
20231204_500101009_22:56,13.105248
20231204_500101009_22:57,13.046236
20231204_500101009_22:58,13.118538
20231204_500101009_22:59,13.259119
20231204_500101009_23:01,13.335859
20231204_500101009_23:02,13.257488
20231204_500101009_23:03,13.226710
20231204_500101009_23:04,13.294393
20231204_500101009_23:05,13.428165
20231204_500101009_23:06,13.523338
20231204_500101009_23:07,13.488558
20231204_500101009_23:08,13.343713
20231204_500101009_23:09,13.203409
20231204_500101009_23:10,13.174810
20231204_500101009_23:11,13.263105
20231204_500101009_23:12,13.457247
20231204_500101009_23:13,13.476765
20231204_500101009_23:14,13.391407
20231204_500101009_23:15,13.290558
20231204_500101009_23:16,13.286081
20231204_500101009_23:17,13.406832
20231204_500101009_23:18,13.569059
20231204_500101009_23:19,13.650611
20231204_500101009_23:21,13.488607
20231204_500101009_23:22,13.442904
20231204_500101009_23:23,13.516915
20231204_500101009_23:24,13.663507
20231204_500101009_23:25,13.776231
20231204_500101009_23:26,13.783908
20231204_500101009_23:27,13.722142
20231204_500101009_23:28,13.628902
20231204_500101009_23:29,13.651615
20231204_500101009_23:30,13.762288
20231204_500101009_23:31,13.841646
20231204_500101009_23:32,11.927359
20231204_500101009_23:33,11.782972
20231204_500101009_23:34,11.730784
20231204_500101009_23:35,11.716225
20231204_500101009_23:36,11.696856
20231204_500101009_23:37,11.684955
20231204_500101009_23:38,11.629158
20231204_500101009_23:39,11.572074
20231204_500101009_23:40,11.579454
20231204_500101009_23:41,11.683518
20231204_500101009_23:42,13.298380
20231204_500101009_23:43,13.457320
20231204_500101009_23:44,13.546646
20231204_500101009_23:45,13.506443
20231204_500101009_23:46,13.400851
20231204_500101009_23:47,13.358517
20231204_500101009_23:48,13.453974
20231204_500101009_23:49,13.638748
20231204_500101009_23:50,13.785431
20231204_500101009_23:51,13.804011
20231204_500101009_23:52,13.723463
20231205_500101009_00:01,8.928332
20231205_500101009_00:02,8.990594
20231205_500101009_00:03,9.014589
20231205_500101009_00:04,8.986691
20231205_500101009_00:05,9.101728
20231205_500101009_00:06,9.093304
20231205_500101009_00:07,9.104528
20231205_500101009_00:08,9.112083
20231205_500101009_00:09,9.128806
20231205_500101009_00:10,9.135433
20231205_500101009_00:11,9.126361
20231205_500101009_00:12,9.094029
20231205_500101009_00:13,9.167568
20231205_500101009_00:14,9.283473
20231205_500101009_00:15,9.127520
20231205_500101009_00:16,9.171020
20231205_500101009_00:17,9.207994
20231205_500101009_00:18,9.211554
20231205_500101009_00:19,9.263704
20231205_500101009_00:22,9.411842
20231205_500101009_00:24,9.478960
20231205_500101009_00:25,9.307060
20231205_500101009_00:26,9.383852
20231205_500101009_00:27,9.529444
20231205_500101009_00:28,9.663177
20231205_500101009_00:29,9.708231
20231205_500101009_00:31,9.600001
20231205_500101009_00:32,9.570649
20231205_500101009_00:33,9.608583
20231205_500101009_00:34,9.646427
20231205_500101009_00:35,9.559355
20231205_500101009_00:36,9.513102
20231205_500101009_00:37,9.465142
20231205_500101009_00:38,9.544490
20231205_500101009_00:39,9.624657
20231205_500101009_00:41,9.654046
20231205_500101009_00:42,10.388710
20231205_500101009_00:43,10.286113
20231205_500101009_00:44,10.232063
20231205_500101009_00:45,10.291578
20231205_500101009_00:46,10.436924
20231205_500101009_00:47,10.568561
20231205_500101009_00:48,10.601131
20231205_500101009_00:49,10.536712
20231205_500101009_00:51,10.455406
20231205_500101009_00:52,10.536613
20231205_500101009_00:53,10.630595
20231205_500101009_00:54,10.652243
20231205_500101009_00:55,10.539068
20231205_500101009_00:56,10.454288
20231205_500101009_00:57,10.443876
20231205_500101009_00:58,10.535480
20231205_500101009_00:59,10.662663
20231205_500101009_01:01,10.659191
20231205_500101009_01:02,10.522820
20231205_500101009_01:03,10.411183
20231205_500101009_01:05,10.491136
20231205_500101009_01:06,10.504354
20231205_500101009_01:07,10.427955
20231205_500101009_01:08,10.295265
20231205_500101009_01:09,10.197836
20231205_500101009_01:11,10.298554
20231205_500101009_01:12,10.403652
20231205_500101009_01:13,10.416611
20231205_500101009_01:14,10.326562
20231205_500101009_01:16,10.114038
20231205_500101009_01:17,10.154454
20231205_500101009_01:18,10.221691
20231205_500101009_01:19,10.227406
20231205_500101009_01:21,10.132093
20231205_500101009_01:22,10.122091
20231205_500101009_01:23,10.181261
20231205_500101009_01:24,10.259542
20231205_500101009_01:25,10.156006
20231205_500101009_01:26,10.087050
20231205_500101009_01:27,9.924087
20231205_500101009_01:29,9.819469
20231205_500101009_01:31,9.868730
20231205_500101009_01:32,9.882602
20231205_500101009_01:34,9.777492
20231205_500101009_01:35,9.834362
20231205_500101009_01:36,9.926177
20231205_500101009_01:37,10.065183
20231205_500101009_01:38,10.175006
20231205_500101009_01:39,10.150617
20231205_500101009_01:41,9.981533
20231205_500101009_01:42,10.057231
20231205_500101009_01:43,10.208984
20231205_500101009_01:44,10.339943
20231205_500101009_01:46,10.250111
20231205_500101009_01:47,10.199841
20231205_500101009_01:48,10.316015
20231205_500101009_01:49,10.488451
20231205_500101009_01:51,10.703832
20231205_500101009_01:52,10.604139
20231205_500101009_01:53,10.541127
20231205_500101009_01:54,10.544722
20231205_500101009_01:55,10.578757
20231205_500101009_01:56,10.623114
20231205_500101009_01:57,10.622069
20231205_500101009_01:58,10.565094
20231205_500101009_01:59,10.498768
20231205_500101009_02:01,10.559506
20231205_500101009_02:02,10.656575
20231205_500101009_02:03,10.754362
20231205_500101009_02:04,10.725339
20231205_500101009_02:05,10.685527
20231205_500101009_02:06,10.553644
20231205_500101009_02:07,10.547225
20231205_500101009_02:08,10.645803
20231205_500101009_02:09,10.749842
20231205_500101009_02:10,10.750029
20231205_500101009_02:11,10.647642
20231205_500101009_02:12,10.577403
20231205_500101009_02:13,10.640446
20231205_500101009_02:14,10.742427
20231205_500101009_02:15,10.857561
20231205_500101009_02:16,10.915041
20231205_500101009_02:17,10.883616
20231205_500101009_02:18,10.831760
20231205_500101009_02:19,10.812333
20231205_500101009_02:21,10.837248
20231205_500101009_02:22,10.826000
20231205_500101009_02:23,10.765606
20231205_500101009_02:24,10.692118
20231205_500101009_02:25,10.681080
20231205_500101009_02:26,10.736737
20231205_500101009_02:27,10.802336
20231205_500101009_02:28,10.866537
20231205_500101009_02:29,10.861691
20231205_500101009_02:30,10.824198
20231205_500101009_02:31,10.818048
20231205_500101009_02:32,10.872221
20231205_500101009_02:33,10.940697
20231205_500101009_02:34,11.000169
20231205_500101009_02:35,11.047401
20231205_500101009_02:36,11.071960
20231205_500101009_02:37,11.119595
20231205_500101009_02:38,11.191184
20231205_500101009_02:39,11.306772
20231205_500101009_02:40,11.395941
20231205_500101009_02:41,11.481812
20231205_500101009_02:42,11.461972
20231205_500101009_02:43,11.368843
20231205_500101009_02:44,11.324998
20231205_500101009_02:45,11.285342
20231205_500101009_02:46,11.231384
20231205_500101009_02:47,11.230698
20231205_500101009_02:48,11.180140
20231205_500101009_02:49,11.089980
20231205_500101009_02:50,11.034950
20231205_500101009_02:51,11.058062
20231205_500101009_02:52,11.137108
20231205_500101009_02:53,11.209122
20231205_500101009_02:54,11.237040
20231205_500101009_02:55,11.182369
20231205_500101009_02:56,11.104570
20231205_500101009_02:57,11.078986
20231205_500101009_02:58,11.137452
20231205_500101009_02:59,11.237711
20231205_500101009_03:00,11.310894
20231205_500101009_03:01,11.329402
20231205_500101009_03:02,11.333653
20231205_500101009_03:03,11.392382
20231205_500101009_03:04,11.533101
20231205_500101009_03:05,11.735357
20231205_500101009_03:06,11.854462
20231205_500101009_03:07,11.860661
20231205_500101009_03:08,11.833574
20231205_500101009_03:09,11.829884
20231205_500101009_03:10,11.903956
20231205_500101009_03:11,11.942406
20231205_500101009_03:12,11.972030
20231205_500101009_03:13,11.958626
20231205_500101009_03:14,11.941519
20231205_500101009_03:15,12.052508
20231205_500101009_03:16,12.187925
20231205_500101009_03:17,12.321696
20231205_500101009_03:18,12.406033
20231205_500101009_03:19,12.451689
20231205_500101009_03:21,12.393932
20231205_500101009_03:22,12.417624
20231205_500101009_03:24,12.549837
20231205_500101009_03:25,12.504111
20231205_500101009_03:26,12.461291
20231205_500101009_03:27,12.390049
20231205_500101009_03:28,12.383161
20231205_500101009_03:29,12.480237
20231205_500101009_03:31,12.849405
20231205_500101009_03:32,12.829123
20231205_500101009_03:33,12.678687
20231205_500101009_03:34,12.554770
20231205_500101009_03:35,12.519341
20231205_500101009_03:36,12.629968
20231205_500101009_03:37,12.728798
20231205_500101009_03:38,12.713381
20231205_500101009_03:39,12.607960
20231205_500101009_03:41,12.509844
20231205_500101009_03:42,12.671490
20231205_500101009_03:43,12.873631
20231205_500101009_03:44,12.959831
20231205_500101009_03:45,12.985739
20231205_500101009_03:46,12.833961
20231205_500101009_03:47,12.756064
20231205_500101009_03:48,12.827232
20231205_500101009_03:49,12.957739
20231205_500101009_03:51,12.980434
20231205_500101009_03:52,12.876366
20231205_500101009_03:53,12.844694
20231205_500101009_03:54,12.942063
20231205_500101009_03:55,13.104584
20231205_500101009_03:56,13.243431
20231205_500101009_03:57,13.232803
20231205_500101009_03:58,13.085003
20231205_500101009_03:59,13.019793
20231205_500101009_04:01,13.104280
20231205_500101009_04:02,13.143930
20231205_500101009_04:03,13.114096
20231205_500101009_04:04,13.018005
20231205_500101009_04:05,12.963818
20231205_500101009_04:06,12.979902
20231205_500101009_04:07,13.101340
20231205_500101009_04:08,13.240762
20231205_500101009_04:09,13.296921
20231205_500101009_04:11,13.141821
20231205_500101009_04:12,13.134257
20231205_500101009_04:13,13.199903
20231205_500101009_04:14,13.241138
20231205_500101009_04:15,13.077454
20231205_500101009_04:16,12.987059
20231205_500101009_04:17,12.937941
20231205_500101009_04:18,12.925379
20231205_500101009_04:19,12.919658
20231205_500101009_04:21,12.962988
20231205_500101009_04:22,12.935731
20231205_500101009_04:23,12.887956
20231205_500101009_04:24,12.871889
20231205_500101009_04:25,13.021031
20231205_500101009_04:26,13.052471
20231205_500101009_04:27,13.047181
20231205_500101009_04:28,12.966398
20231205_500101009_04:29,12.843519
20231205_500101009_04:31,12.824187
20231205_500101009_04:32,12.885933
20231205_500101009_04:33,12.975043
20231205_500101009_04:34,13.002930
20231205_500101009_04:35,12.963037
20231205_500101009_04:36,12.958202
20231205_500101009_04:37,13.026424
20231205_500101009_04:38,13.089561
20231205_500101009_04:39,13.119761
20231205_500101009_04:41,12.942381
20231205_500101009_04:42,12.902836
20231205_500101009_04:43,12.936543
20231205_500101009_04:44,11.133055
20231205_500101009_04:45,11.148688
20231205_500101009_04:46,11.146095
20231205_500101009_04:47,11.105493
20231205_500101009_04:48,11.038511
20231205_500101009_04:49,10.991442
20231205_500101009_04:51,11.001974
20231205_500101009_04:52,10.986011
20231205_500101009_04:53,10.909273
20231205_500101009_04:54,10.790430
20231205_500101009_04:55,10.681969
20231205_500101009_04:56,10.624829
20231205_500101009_04:57,10.592690
20231205_500101009_04:58,10.559345
20231205_500101009_04:59,10.545816
20231205_500101009_05:00,10.526396
20231205_500101009_05:01,10.476418
20231205_500101009_05:02,10.459442
20231205_500101009_05:03,10.487297
20231205_500101009_05:04,10.524287
20231205_500101009_05:05,10.511181
20231205_500101009_05:06,10.420967
20231205_500101009_05:07,10.299629
20231205_500101009_05:08,10.222351
20231205_500101009_05:09,10.197088
20231205_500101009_05:10,10.243969
20231205_500101009_05:11,10.326962
20231205_500101009_05:12,10.367146
20231205_500101009_05:13,10.366081
20231205_500101009_05:14,10.364034
20231205_500101009_05:15,10.419937
20231205_500101009_05:16,10.469465
20231205_500101009_05:17,10.516568
20231205_500101009_05:18,10.499670
20231205_500101009_05:19,10.400816
20231205_500101009_05:21,10.200415
20231205_500101009_05:22,10.201139
20231205_500101009_05:23,10.245715
20231205_500101009_05:24,10.272139
20231205_500101009_05:25,10.246757
20231205_500101009_05:26,10.191435
20231205_500101009_05:27,10.157084
20231205_500101009_05:28,10.169565
20231205_500101009_05:29,10.199747
20231205_500101009_05:30,10.186878
20231205_500101009_05:31,10.094803
20231205_500101009_05:32,9.949381
20231205_500101009_05:33,9.821777
20231205_500101009_05:34,9.771313
20231205_500101009_05:35,9.733627
20231205_500101009_05:36,9.784371
20231205_500101009_05:37,9.801006
20231205_500101009_05:38,9.771957
20231205_500101009_05:39,9.735819
20231205_500101009_05:40,9.737307
20231205_500101009_05:41,9.777642
20231205_500101009_05:42,9.807005
20231205_500101009_05:43,9.767515
20231205_500101009_05:44,12.745338
20231205_500101009_05:45,12.623220
20231205_500101009_05:46,12.586052
20231205_500101009_05:47,12.601176
20231205_500101009_05:48,12.662331
20231205_500101009_05:49,12.702929
20231205_500101009_05:50,12.729964
20231205_500101009_05:51,12.727908
20231205_500101009_05:52,12.738329
20231205_500101009_05:53,12.784721
20231205_500101009_05:54,12.844178
20231205_500101009_05:55,12.753856
20231205_500101009_05:56,12.755749
20231205_500101009_05:57,12.728738
20231205_500101009_05:58,12.688553
20231205_500101009_05:59,12.661702
20231205_500101009_06:00,12.645854
20231205_500101009_06:01,12.658701
20231205_500101009_06:02,12.661562
20231205_500101009_06:03,12.586794
20231205_500101009_06:04,9.353073
20231205_500101009_06:05,9.442274
20231205_500101009_06:06,9.506985
20231205_500101009_06:07,9.526309
20231205_500101009_06:08,9.515747
20231205_500101009_06:09,9.421301
20231205_500101009_06:10,9.296177
20231205_500101009_06:11,9.196599
20231205_500101009_06:12,9.126801
20231205_500101009_06:13,9.132011
20231205_500101009_06:15,9.112385
20231205_500101009_06:16,9.047844
20231205_500101009_06:17,8.976154
20231205_500101009_06:18,8.941543
20231205_500101009_06:19,8.947810
20231205_500101009_06:21,8.892303
20231205_500101009_06:22,8.761349
20231205_500101009_06:23,8.600703
20231205_500101009_06:24,8.532578
20231205_500101009_06:25,8.535916
20231205_500101009_06:26,8.606583
20231205_500101009_06:28,8.726196
20231205_500101009_06:29,8.650604
20231205_500101009_06:31,8.581226
20231205_500101009_06:32,8.656521
20231205_500101009_06:33,8.724932
20231205_500101009_06:34,8.706984
20231205_500101009_06:35,8.595470
20231205_500101009_06:36,8.469671
20231205_500101009_06:37,8.442240
20231205_500101009_06:38,8.543213
20231205_500101009_06:39,8.708053
20231205_500101009_06:41,8.824399
20231205_500101009_06:42,8.765392
20231205_500101009_06:43,8.745409
20231205_500101009_06:44,8.823512
20231205_500101009_06:45,8.960141
20231205_500101009_06:46,9.054611
20231205_500101009_06:47,9.041277
20231205_500101009_06:48,8.954910
20231205_500101009_06:49,8.927498
20231205_500101009_06:51,9.150763
20231205_500101009_06:52,9.331137
20231205_500101009_06:53,9.412957
20231205_500101009_06:54,9.382708
20231205_500101009_06:55,9.320766
20231205_500101009_06:56,9.321596
20231205_500101009_06:57,9.403348
20231205_500101009_06:58,9.490869
20231205_500101009_06:59,9.488978
20231205_500101009_07:01,9.315372
20231205_500101009_07:02,9.250437
20231205_500101009_07:03,9.278587
20231205_500101009_07:04,11.210844
20231205_500101009_07:05,11.232023
20231205_500101009_07:06,11.137712
20231205_500101009_07:07,10.973955
20231205_500101009_07:08,10.831053
20231205_500101009_07:09,10.761117
20231205_500101009_07:11,10.654384
20231205_500101009_07:12,10.525259
20231205_500101009_07:13,10.335292
20231205_500101009_07:14,9.069386
20231205_500101009_07:15,9.077767
20231205_500101009_07:16,9.138201
20231205_500101009_07:17,9.190956
20231205_500101009_07:18,9.149242
20231205_500101009_07:19,9.000570
20231205_500101009_07:21,8.731712
20231205_500101009_07:22,8.709790
20231205_500101009_07:23,8.719524
20231205_500101009_07:24,8.688016
20231205_500101009_07:25,8.594673
20231205_500101009_07:26,8.425568
20231205_500101009_07:27,8.272041
20231205_500101009_07:28,8.183792
20231205_500101009_07:29,8.145802
20231205_500101009_07:31,7.982157
20231205_500101009_07:32,7.820100
20231205_500101009_07:33,7.675413
20231205_500101009_07:34,7.608550
20231205_500101009_07:35,7.644390
20231205_500101009_07:36,7.687982
20231205_500101009_07:37,7.695069
20231205_500101009_07:38,7.614350
20231205_500101009_07:39,7.477340
20231205_500101009_07:41,7.301842
20231205_500101009_07:42,7.296049
20231205_500101009_07:43,7.270659
20231205_500101009_07:44,7.188169
20231205_500101009_07:45,7.185578
20231205_500101009_07:46,7.081605
20231205_500101009_07:47,7.049850
20231205_500101009_07:48,7.076584
20231205_500101009_07:49,7.090353
20231205_500101009_07:50,7.021778
20231205_500101009_07:51,6.862811
20231205_500101009_07:52,6.672199
20231205_500101009_07:53,6.522717
20231205_500101009_07:54,6.438578
20231205_500101009_07:56,6.285908
20231205_500101009_07:57,6.138892
20231205_500101009_07:58,5.995796
20231205_500101009_07:59,5.928309
20231205_500101009_08:01,6.002085
20231205_500101009_08:02,6.000798
20231205_500101009_08:03,5.896473
20231205_500101009_08:04,5.723847
20231205_500101009_08:05,5.583154
20231205_500101009_08:06,5.553927
20231205_500101009_08:07,5.570560
20231205_500101009_08:08,5.555740
20231205_500101009_08:09,5.461773
20231205_500101009_08:10,5.322384
20231205_500101009_08:11,5.206119
20231205_500101009_08:12,5.117667
20231205_500101009_08:13,5.064570
20231205_500101009_08:14,4.785356
20231205_500101009_08:15,4.644966
20231205_500101009_08:16,4.442996
20231205_500101009_08:17,4.281285
20231205_500101009_08:18,4.231430
20231205_500101009_08:19,4.249944
20231205_500101009_08:21,4.128737
20231205_500101009_08:22,3.943515
20231205_500101009_08:23,3.776891
20231205_500101009_08:24,3.713056
20231205_500101009_08:25,3.739987
20231205_500101009_08:26,3.777950
20231205_500101009_08:27,3.754773
20231205_500101009_08:28,3.700860
20231205_500101009_08:29,3.599635
20231205_500101009_08:31,3.457632
20231205_500101009_08:32,3.492899
20231205_500101009_08:33,3.499121
20231205_500101009_08:34,3.385189
20231205_500101009_08:35,3.232350
20231205_500101009_08:36,3.061387
20231205_500101009_08:37,2.965303
20231205_500101009_08:38,2.967587
20231205_500101009_08:39,2.964792
20231205_500101009_08:40,2.882105
20231205_500101009_08:41,2.720817
20231205_500101009_08:42,2.556162
20231205_500101009_08:43,2.466441
20231205_500101009_08:44,2.459328
20231205_500101009_08:45,2.463708
20231205_500101009_08:46,2.397621
20231205_500101009_08:47,2.237900
20231205_500101009_08:48,2.046387
20231205_500101009_08:49,1.933762
20231205_500101009_08:50,1.929184
20231205_500101009_08:51,1.969150
20231205_500101009_08:52,1.957112
20231205_500101009_08:53,1.852174
20231205_500101009_08:54,1.705592
20231205_500101009_08:55,1.649218
20231205_500101009_08:56,1.671046
20231205_500101009_08:57,1.714917
20231205_500101009_08:58,1.721083
20231205_500101009_08:59,1.624539
20231205_500101009_09:01,1.318987
20231205_500101009_09:02,1.253933
20231205_500101009_09:03,1.241970
20231205_500101009_09:04,1.275707
20231205_500101009_09:05,1.257533
20231205_500101009_09:06,1.173458
20231205_500101009_09:07,1.085023
20231205_500101009_09:08,1.064090
20231205_500101009_09:09,1.048633
20231205_500101009_09:10,1.046262
20231205_500101009_09:11,1.022528
20231205_500101009_09:13,0.974573
20231205_500101009_09:14,0.995080
20231205_500101009_09:15,1.023413
20231205_500101009_09:16,1.050114
20231205_500101009_09:17,1.063457
20231205_500101009_09:18,1.084418
20231205_500101009_09:19,1.083756
20231205_500101009_09:21,1.163859
20231205_500101009_09:22,1.220746
20231205_500101009_09:23,1.258405
20231205_500101009_09:24,1.259807
20231205_500101009_09:25,1.202164
20231205_500101009_09:26,1.115448
20231205_500101009_09:27,1.014669
20231205_500101009_09:29,0.866234
20231205_500101009_09:31,0.772295
20231205_500101009_09:32,0.721924
20231205_500101009_09:33,0.679810
20231205_500101009_09:34,0.659469
20231205_500101009_09:35,0.662414
20231205_500101009_09:36,0.676612
20231205_500101009_09:40,0.796466
20231205_500101009_09:42,0.803264
20231205_500101009_09:45,0.923385
20231205_500101009_09:46,0.916350
20231205_500101009_09:48,0.851727
20231205_500101009_09:49,0.824927
20231205_500101009_09:58,0.416050
20231205_500101009_09:59,0.307962
20231205_500101009_10:01,0.107802
20231205_500101009_10:02,0.155224
20231205_500101009_10:03,0.254529
20231205_500101009_10:04,0.315687
20231205_500101009_10:05,0.286974
20231205_500101009_10:06,0.266729
20231205_500101009_10:08,0.400759
20231205_500101009_10:09,0.505437
20231205_500101009_10:11,0.522949
20231205_500101009_10:12,0.514641
20231205_500101009_10:13,0.581264
20231205_500101009_10:14,0.653167
20231205_500101009_10:15,0.685632
20231205_500101009_10:16,0.691844
20231205_500101009_10:17,0.687541
20231205_500101009_10:18,0.684261
20231205_500101009_10:19,0.727782
20231205_500101009_10:21,0.823964
20231205_500101009_10:22,0.812884
20231205_500101009_10:23,0.768012
20231205_500101009_10:24,0.729285
20231205_500101009_10:25,0.740044
20231205_500101009_10:27,0.817955
20231205_500101009_10:28,0.909631
20231205_500101009_10:29,1.062177
20231205_500101009_10:31,1.178784
20231205_500101009_10:33,1.329517
20231205_500101009_10:34,1.427732
20231205_500101009_10:36,1.425589
20231205_500101009_10:37,1.344413
20231205_500101009_10:38,1.297689
20231205_500101009_10:39,1.312859
20231205_500101009_10:41,1.488158
20231205_500101009_10:42,1.532171
20231205_500101009_10:43,1.502634
20231205_500101009_10:44,1.434685
20231205_500101009_10:45,1.370135
20231205_500101009_10:47,1.399117
20231205_500101009_10:48,1.440501
20231205_500101009_10:49,1.389606
20231205_500101009_10:50,1.282385
20231205_500101009_10:51,1.246274
20231205_500101009_10:52,1.356324
20231205_500101009_10:53,1.590435
20231205_500101009_10:54,1.816987
20231205_500101009_10:55,1.937428
20231205_500101009_10:56,1.938001
20231205_500101009_10:57,1.899706
20231205_500101009_10:58,1.935772
20231205_500101009_10:59,2.037005
20231205_500101009_11:01,2.168284
20231205_500101009_11:02,2.091531
20231205_500101009_11:03,1.988850
20231205_500101009_11:04,1.977314
20231205_500101009_11:05,2.084404
20231205_500101009_11:06,2.269298
20231205_500101009_11:07,2.391355
20231205_500101009_11:08,2.380620
20231205_500101009_11:09,2.279840
20231205_500101009_11:10,2.200021
20231205_500101009_11:11,2.216397
20231205_500101009_11:12,2.301222
20231205_500101009_11:13,2.354871
20231205_500101009_11:15,2.199509
20231205_500101009_11:16,2.118166
20231205_500101009_11:17,2.171823
20231205_500101009_11:18,2.350421
20231205_500101009_11:19,2.543767
20231205_500101009_11:21,2.730340
20231205_500101009_11:22,2.698791
20231205_500101009_11:23,2.718631
20231205_500101009_11:24,2.802527
20231205_500101009_11:25,2.839890
20231205_500101009_11:26,2.822248
20231205_500101009_11:27,2.696705
20231205_500101009_11:28,2.532409
20231205_500101009_11:29,2.464531
20231205_500101009_11:30,2.507327
20231205_500101009_11:31,2.563214
20231205_500101009_11:32,2.551101
20231205_500101009_11:33,2.443051
20231205_500101009_11:34,2.287122
20231205_500101009_11:35,2.140234
20231205_500101009_11:36,2.088247
20231205_500101009_11:37,2.079488
20231205_500101009_11:38,2.120609
20231205_500101009_11:39,2.138241
20231205_500101009_11:40,2.128924
20231205_500101009_11:41,2.166404
20231205_500101009_11:42,2.309557
20231205_500101009_11:43,2.543078
20231205_500101009_11:44,2.776284
20231205_500101009_11:45,2.906066
20231205_500101009_11:46,2.917830
20231205_500101009_11:47,2.861413
20231205_500101009_11:48,2.828298
20231205_500101009_11:49,2.875582
20231205_500101009_11:50,2.985602
20231205_500101009_11:51,3.089822
20231205_500101009_11:52,3.070327
20231205_500101009_11:53,2.980005
20231205_500101009_11:54,2.943208
20231205_500101009_11:55,3.020784
20231205_500101009_11:56,3.214810
20231205_500101009_11:57,3.398862
20231205_500101009_11:58,3.511211
20231205_500101009_11:59,3.509745
20231205_500101009_12:01,3.519629
20231205_500101009_12:02,3.625452
20231205_500101009_12:03,3.761728
20231205_500101009_12:04,3.863313
20231205_500101009_12:05,3.858549
20231205_500101009_12:06,3.916519
20231205_500101009_12:07,4.080541
20231205_500101009_12:08,4.337515
20231205_500101009_12:09,4.661980
20231205_500101009_12:10,4.966320
20231205_500101009_12:11,5.172330
20231205_500101009_12:12,5.267609
20231205_500101009_12:13,5.306062
20231205_500101009_12:14,5.354324
20231205_500101009_12:15,5.405139
20231205_500101009_12:16,5.483003
20231205_500101009_12:17,5.515570
20231205_500101009_12:18,5.503812
20231205_500101009_12:19,5.504285
20231205_500101009_12:21,5.852505
20231205_500101009_12:22,6.203329
20231205_500101009_12:23,6.439758
20231205_500101009_12:24,6.514219
20231205_500101009_12:25,6.519161
20231205_500101009_12:26,6.557055
20231205_500101009_12:27,6.702848
20231205_500101009_12:28,6.896090
20231205_500101009_12:29,7.019122
20231205_500101009_12:31,7.018513
20231205_500101009_12:32,7.017877
20231205_500101009_12:33,7.147221
20231205_500101009_12:34,7.430008
20231205_500101009_12:35,7.693058
20231205_500101009_12:36,7.754803
20231205_500101009_12:37,7.656414
20231205_500101009_12:39,7.450727
20231205_500101009_12:41,7.514221
20231205_500101009_12:42,7.433715
20231205_500101009_12:43,7.229025
20231205_500101009_12:44,7.020653
20231205_500101009_12:45,6.938834
20231205_500101009_12:46,6.994452
20231205_500101009_12:47,7.112154
20231205_500101009_12:48,7.141595
20231205_500101009_12:49,7.040331
20231205_500101009_12:50,6.857007
20231205_500101009_12:52,6.571349
20231205_500101009_12:53,6.568604
20231205_500101009_12:54,6.544367
20231205_500101009_12:55,6.483840
20231205_500101009_12:56,6.326460
20231205_500101009_12:57,6.216747
20231205_500101009_12:58,6.228141
20231205_500101009_12:59,6.335619
20231205_500101009_13:01,6.471796
20231205_500101009_13:02,6.362169
20231205_500101009_13:03,6.181381
20231205_500101009_13:04,6.055354
20231205_500101009_13:05,6.021255
20231205_500101009_13:06,5.973042
20231205_500101009_13:07,5.845077
20231205_500101009_13:08,5.671702
20231205_500101009_13:09,5.494027
20231205_500101009_13:11,5.446424
20231205_500101009_13:12,5.558070
20231205_500101009_13:13,5.580295
20231205_500101009_13:14,5.442873
20231205_500101009_13:15,5.187763
20231205_500101009_13:16,4.948780
20231205_500101009_13:17,4.876219
20231205_500101009_13:18,4.938690
20231205_500101009_13:19,4.931702
20231205_500101009_13:21,4.610878
20231205_500101009_13:22,4.470467
20231205_500101009_13:23,4.518790
20231205_500101009_13:24,4.714528
20231205_500101009_13:25,4.884411
20231205_500101009_13:26,4.832428
20231205_500101009_13:27,4.617185
20231205_500101009_13:28,4.473246
20231205_500101009_13:29,4.448058
20231205_500101009_13:31,4.558856
20231205_500101009_13:32,4.500480
20231205_500101009_13:33,4.344954
20231205_500101009_13:34,4.195428
20231205_500101009_13:35,4.081120
20231205_500101009_13:36,4.154600
20231205_500101009_13:37,4.242805
20231205_500101009_13:38,4.228638
20231205_500101009_13:39,4.082660
20231205_500101009_13:41,3.776121
20231205_500101009_13:42,3.797778
20231205_500101009_13:43,3.886646
20231205_500101009_13:44,3.919424
20231205_500101009_13:45,3.824557
20231205_500101009_13:46,3.802726
20231205_500101009_13:47,3.865931
20231205_500101009_13:48,4.007662
20231205_500101009_13:49,4.178280
20231205_500101009_13:51,4.392266
20231205_500101009_13:52,4.400898
20231205_500101009_13:53,4.391458
20231205_500101009_13:54,4.406674
20231205_500101009_13:55,4.509469
20231205_500101009_13:56,4.543571
20231205_500101009_13:57,4.534308
20231205_500101009_13:58,4.561261
20231205_500101009_13:59,4.576759
20231205_500101009_14:01,4.601362
20231205_500101009_14:02,4.669657
20231205_500101009_14:03,4.757031
20231205_500101009_14:04,4.742989
20231205_500101009_14:05,4.631615
20231205_500101009_14:06,4.544291
20231205_500101009_14:07,4.537851
20231205_500101009_14:08,4.615744
20231205_500101009_14:09,4.713335
20231205_500101009_14:10,4.762204
20231205_500101009_14:11,4.753200
20231205_500101009_14:12,4.752429
20231205_500101009_14:13,4.808550
20231205_500101009_14:14,4.917478
20231205_500101009_14:15,4.936982
20231205_500101009_14:16,4.944210
20231205_500101009_14:17,4.913053
20231205_500101009_14:18,4.862046
20231205_500101009_14:19,4.811579
20231205_500101009_14:21,4.795014
20231205_500101009_14:22,4.817193
20231205_500101009_14:23,4.750817
20231205_500101009_14:24,4.642330
20231205_500101009_14:25,4.547328
20231205_500101009_14:26,4.525307
20231205_500101009_14:27,4.582363
20231205_500101009_14:28,4.592379
20231205_500101009_14:29,4.510708
20231205_500101009_14:30,4.315362
20231205_500101009_14:31,4.138186
20231205_500101009_14:32,4.087199
20231205_500101009_14:33,4.155033
20231205_500101009_14:34,4.234816
20231205_500101009_14:35,4.207157
20231205_500101009_14:36,4.116529
20231205_500101009_14:37,4.125858
20231205_500101009_14:38,4.239483
20231205_500101009_14:39,4.433397
20231205_500101009_14:40,4.616646
20231205_500101009_14:41,4.735927
20231205_500101009_14:42,4.773722
20231205_500101009_14:43,4.756830
20231205_500101009_14:44,4.730196
20231205_500101009_14:45,4.733716
20231205_500101009_14:46,4.731197
20231205_500101009_14:47,4.749680
20231205_500101009_14:48,4.694611
20231205_500101009_14:49,4.615148
20231205_500101009_14:50,4.592021
20231205_500101009_14:51,4.655513
20231205_500101009_14:52,4.777802
20231205_500101009_14:53,4.835775
20231205_500101009_14:54,4.758786
20231205_500101009_14:55,4.498485
20231205_500101009_14:56,4.319027
20231205_500101009_14:57,4.230352
20231205_500101009_14:58,4.233624
20231205_500101009_14:59,4.252734
20231205_500101009_15:01,4.127092
20231205_500101009_15:02,4.069087
20231205_500101009_15:03,4.120191
20231205_500101009_15:04,4.276391
20231205_500101009_15:05,4.495340
20231205_500101009_15:06,4.562328
20231205_500101009_15:07,4.494894
20231205_500101009_15:08,4.359767
20231205_500101009_15:09,4.253315
20231205_500101009_15:10,4.260831
20231205_500101009_15:11,4.324438
20231205_500101009_15:12,4.303226
20231205_500101009_15:13,4.173499
20231205_500101009_15:14,4.088033
20231205_500101009_15:15,4.013449
20231205_500101009_15:16,4.050169
20231205_500101009_15:17,4.172567
20231205_500101009_15:18,4.221220
20231205_500101009_15:19,4.130767
20231205_500101009_15:21,3.829674
20231205_500101009_15:22,3.753882
20231205_500101009_15:23,3.775743
20231205_500101009_15:24,3.831205
20231205_500101009_15:25,3.892642
20231205_500101009_15:26,3.905667
20231205_500101009_15:27,3.987706
20231205_500101009_15:28,4.125875
20231205_500101009_15:29,4.327849
20231205_500101009_15:31,4.644480
20231205_500101009_15:32,4.648856
20231205_500101009_15:33,4.582974
20231205_500101009_15:34,4.505697
20231205_500101009_15:35,4.454358
20231205_500101009_15:36,4.468428
20231205_500101009_15:37,4.523553
20231205_500101009_15:38,4.547658
20231205_500101009_15:39,4.577349
20231205_500101009_15:40,4.616697
20231205_500101009_15:41,4.684942
20231205_500101009_15:42,4.799809
20231205_500101009_15:43,4.903049
20231205_500101009_15:44,4.917561
20231205_500101009_15:45,4.793004
20231205_500101009_15:46,4.672613
20231205_500101009_15:47,4.625376
20231205_500101009_15:48,4.635126
20231205_500101009_15:49,4.670927
20231205_500101009_15:50,4.712106
20231205_500101009_15:51,4.713738
20231205_500101009_15:52,4.714199
20231205_500101009_15:54,4.895997
20231205_500101009_15:55,5.017656
20231205_500101009_15:56,5.148378
20231205_500101009_15:57,5.174557
20231205_500101009_15:58,5.101868
20231205_500101009_15:59,5.030459
20231205_500101009_16:01,5.085824
20231205_500101009_16:02,5.172074
20231205_500101009_16:03,5.164419
20231205_500101009_16:04,5.103301
20231205_500101009_16:05,5.041864
20231205_500101009_16:06,5.057998
20231205_500101009_16:07,5.134294
20231205_500101009_16:08,5.261185
20231205_500101009_16:09,5.310549
20231205_500101009_16:11,5.097117
20231205_500101009_16:12,5.011921
20231205_500101009_16:13,5.029296
20231205_500101009_16:14,5.113545
20231205_500101009_16:15,5.160501
20231205_500101009_16:16,5.119464
20231205_500101009_16:17,5.054894
20231205_500101009_16:18,5.066678
20231205_500101009_16:19,5.202672
20231205_500101009_16:21,5.543798
20231205_500101009_16:22,5.619737
20231205_500101009_16:23,5.615265
20231205_500101009_16:24,5.604474
20231205_500101009_16:25,5.585227
20231205_500101009_16:26,5.681817
20231205_500101009_16:27,5.744996
20231205_500101009_16:28,5.703514
20231205_500101009_16:29,5.663142
20231205_500101009_16:30,5.643381
20231205_500101009_16:32,5.710370
20231205_500101009_16:33,5.754056
20231205_500101009_16:34,5.756723
20231205_500101009_16:35,5.689232
20231205_500101009_16:36,5.556039
20231205_500101009_16:37,5.512655
20231205_500101009_16:38,5.580830
20231205_500101009_16:39,5.675767
20231205_500101009_16:41,5.625851
20231205_500101009_16:42,5.581160
20231205_500101009_16:43,5.640599
20231205_500101009_16:44,5.806504
20231205_500101009_16:45,6.056565
20231205_500101009_16:46,6.228625
20231205_500101009_16:47,6.267677
20231205_500101009_16:48,6.210539
20231205_500101009_16:49,6.179923
20231205_500101009_16:51,6.382582
20231205_500101009_16:52,6.468530
20231205_500101009_16:53,6.512342
20231205_500101009_16:54,6.542905
20231205_500101009_16:55,6.659520
20231205_500101009_16:56,6.805469
20231205_500101009_16:57,6.891059
20231205_500101009_16:58,6.968413
20231205_500101009_16:59,6.993842
20231205_500101009_17:01,6.904247
20231205_500101009_17:02,6.909150
20231205_500101009_17:03,6.908047
20231205_500101009_17:04,6.906478
20231205_500101009_17:05,6.904122
20231205_500101009_17:06,6.976495
20231205_500101009_17:07,7.109367
20231205_500101009_17:08,7.282362
20231205_500101009_17:09,7.455951
20231205_500101009_17:11,7.807750
20231205_500101009_17:13,7.993738
20231205_500101009_17:14,7.986327
20231205_500101009_17:15,7.942167
20231205_500101009_17:16,8.005253
20231205_500101009_17:17,8.056923
20231205_500101009_17:18,8.098577
20231205_500101009_17:19,8.184244
20231205_500101009_17:21,8.472010
20231205_500101009_17:22,8.655644
20231205_500101009_17:23,8.853238
20231205_500101009_17:24,9.019835
20231205_500101009_17:25,9.118271
20231205_500101009_17:26,9.165808
20231205_500101009_17:27,9.224708
20231205_500101009_17:28,9.370356
20231205_500101009_17:29,9.539097
20231205_500101009_17:31,9.759350
20231205_500101009_17:32,9.835952
20231205_500101009_17:33,9.947156
20231205_500101009_17:34,10.141671
20231205_500101009_17:35,10.378469
20231205_500101009_17:36,10.645373
20231205_500101009_17:37,10.809946
20231205_500101009_17:38,10.870153
20231205_500101009_17:39,10.887287
20231205_500101009_17:40,10.930716
20231205_500101009_17:41,11.016218
20231205_500101009_17:42,11.145655
20231205_500101009_17:43,11.209055
20231205_500101009_17:44,11.180183
20231205_500101009_17:45,11.266233
20231205_500101009_17:46,11.375949
20231205_500101009_17:47,11.565952
20231205_500101009_17:48,11.790904
20231205_500101009_17:49,11.988765
20231205_500101009_17:50,12.108140
20231205_500101009_17:51,12.122105
20231205_500101009_17:52,12.128134
20231205_500101009_17:53,12.166221
20231205_500101009_17:54,12.259911
20231205_500101009_17:55,12.307235
20231205_500101009_17:56,12.417994
20231205_500101009_17:57,12.504505
20231205_500101009_17:58,12.631694
20231205_500101009_17:59,12.834250
20231205_500101009_18:01,13.314837
20231205_500101009_18:02,13.496878
20231205_500101009_18:03,13.590427
20231205_500101009_18:04,13.616641
20231205_500101009_18:05,13.635912
20231205_500101009_18:06,13.671822
20231205_500101009_18:07,13.731785
20231205_500101009_18:08,13.787041
20231205_500101009_18:09,13.818445
20231205_500101009_18:10,13.842549
20231205_500101009_18:11,13.900179
20231205_500101009_18:12,14.017300
20231205_500101009_18:13,14.174856
20231205_500101009_18:14,14.317162
20231205_500101009_18:15,14.497835
20231205_500101009_18:16,14.502471
20231205_500101009_18:17,14.476431
20231205_500101009_18:18,14.472668
20231205_500101009_18:19,14.514339
20231205_500101009_18:21,14.649250
20231205_500101009_18:22,14.703131
20231205_500101009_18:23,14.772647
20231205_500101009_18:24,14.893539
20231205_500101009_18:25,15.078076
20231205_500101009_18:26,15.267814
20231205_500101009_18:27,15.407782
20231205_500101009_18:28,15.460549
20231205_500101009_18:29,15.440654
20231205_500101009_18:31,15.378523
20231205_500101009_18:32,15.384879
20231205_500101009_18:33,15.390884
20231205_500101009_18:34,15.374010
20231205_500101009_18:35,15.345885
20231205_500101009_18:36,15.346130
20231205_500101009_18:37,15.405082
20231205_500101009_18:38,15.495631
20231205_500101009_18:39,15.574629
20231205_500101009_18:40,15.601777
20231205_500101009_18:41,15.564364
20231205_500101009_18:42,15.489354
20231205_500101009_18:43,15.420820
20231205_500101009_18:44,15.386971
20231205_500101009_18:45,15.425401
20231205_500101009_18:46,15.480293
20231205_500101009_18:47,15.525544
20231205_500101009_18:48,15.578190
20231205_500101009_18:49,15.643096
20231205_500101009_18:50,15.743115
20231205_500101009_18:51,15.871578
20231205_500101009_18:52,16.000000
20231205_500101009_18:53,16.000000
20231205_500101009_18:54,16.000000
20231205_500101009_18:55,16.000000
20231205_500101009_18:56,16.000000
20231205_500101009_18:58,16.000000
20231205_500101009_18:59,16.000000
20231205_500101009_19:01,16.000000
20231205_500101009_19:02,16.000000
20231205_500101009_19:03,16.000000
20231205_500101009_19:04,16.000000
20231205_500101009_19:05,16.000000
20231205_500101009_19:06,16.000000
20231205_500101009_19:07,16.000000
20231205_500101009_19:08,16.000000
20231205_500101009_19:09,16.000000
20231205_500101009_19:11,16.000000
20231205_500101009_19:12,16.000000
20231205_500101009_19:13,16.000000
20231205_500101009_19:14,16.000000
20231205_500101009_19:15,16.000000
20231205_500101009_19:16,16.000000
20231205_500101009_19:17,16.000000
20231205_500101009_19:18,16.000000
20231205_500101009_19:19,16.000000
20231205_500101009_19:21,16.000000
20231205_500101009_19:22,16.000000
20231205_500101009_19:23,16.000000
20231205_500101009_19:24,16.000000
20231205_500101009_19:25,16.000000
20231205_500101009_19:26,15.974794
20231205_500101009_19:27,15.927268
20231205_500101009_19:28,15.919201
20231205_500101009_19:29,15.921508
20231205_500101009_19:31,15.824008
20231205_500101009_19:32,15.692082
20231205_500101009_19:33,15.533981
20231205_500101009_19:34,15.393013
20231205_500101009_19:35,15.448217
20231205_500101009_19:36,15.413426
20231205_500101009_19:37,15.376698
20231205_500101009_19:38,15.314871
20231205_500101009_19:39,15.245860
20231205_500101009_19:41,15.209376
20231205_500101009_19:42,15.222385
20231205_500101009_19:43,15.176657
20231205_500101009_19:44,15.061640
20231205_500101009_19:45,14.760492
20231205_500101009_19:46,14.592304
20231205_500101009_19:47,14.457626
20231205_500101009_19:48,14.358549
20231205_500101009_19:49,14.268865
20231205_500101009_19:51,14.051340
20231205_500101009_19:52,13.955752
20231205_500101009_19:53,13.900098
20231205_500101009_19:54,13.873549
20231205_500101009_19:55,13.822626
20231205_500101009_19:56,13.733572
20231205_500101009_19:57,13.588718
20231205_500101009_19:58,13.422384
20231205_500101009_19:59,13.280548
20231205_500101009_20:01,13.121254
20231205_500101009_20:02,13.057377
20231205_500101009_20:03,12.984213
20231205_500101009_20:04,12.918386
20231205_500101009_20:05,12.866439
20231205_500101009_20:06,12.848559
20231205_500101009_20:07,12.844881
20231205_500101009_20:08,12.805798
20231205_500101009_20:09,12.693049
20231205_500101009_20:11,12.362218
20231205_500101009_20:12,12.181932
20231205_500101009_20:13,12.072707
20231205_500101009_20:14,12.016105
20231205_500101009_20:15,11.848619
20231205_500101009_20:16,11.824381
20231205_500101009_20:17,11.733994
20231205_500101009_20:18,11.600426
20231205_500101009_20:19,11.462621
20231205_500101009_20:21,11.328920
20231205_500101009_20:22,11.256517
20231205_500101009_20:23,11.165899
20231205_500101009_20:24,10.979035
20231205_500101009_20:25,10.765131
20231205_500101009_20:26,10.653140
20231205_500101009_20:27,10.670908
20231205_500101009_20:28,10.736156
20231205_500101009_20:29,10.776273
20231205_500101009_20:31,10.630677
20231205_500101009_20:32,10.554979
20231205_500101009_20:33,10.548688
20231205_500101009_20:34,10.552040
20231205_500101009_20:35,10.665380
20231205_500101009_20:36,10.538556
20231205_500101009_20:37,10.336523
20231205_500101009_20:38,10.156961
20231205_500101009_20:39,10.092661
20231205_500101009_20:40,10.129613
20231205_500101009_20:41,10.199369
20231205_500101009_20:42,10.198821
20231205_500101009_20:43,10.098991
20231205_500101009_20:44,9.956835
20231205_500101009_20:45,9.995188
20231205_500101009_20:46,9.958638
20231205_500101009_20:47,9.933975
20231205_500101009_20:48,9.840927
20231205_500101009_20:49,9.655457
20231205_500101009_20:50,9.457222
20231205_500101009_20:51,9.342347
20231205_500101009_20:52,9.312285
20231205_500101009_20:53,9.351154
20231205_500101009_20:54,9.387565
20231205_500101009_20:55,9.227733
20231205_500101009_20:56,9.144924
20231205_500101009_20:57,9.047060
20231205_500101009_20:58,8.998864
20231205_500101009_20:59,8.912686
20231205_500101009_21:01,8.653227
20231205_500101009_21:02,8.420427
20231205_500101009_21:03,8.225245
20231205_500101009_21:04,8.118542
20231205_500101009_21:05,8.040483
20231205_500101009_21:06,8.045504
20231205_500101009_21:07,8.076054
20231205_500101009_21:08,7.982130
20231205_500101009_21:09,7.797626
20231205_500101009_21:10,7.632655
20231205_500101009_21:11,7.535146
20231205_500101009_21:12,7.495006
20231205_500101009_21:13,7.427182
20231205_500101009_21:14,7.262404
20231205_500101009_21:15,6.920870
20231205_500101009_21:16,6.735661
20231205_500101009_21:17,6.688388
20231205_500101009_21:18,6.772798
20231205_500101009_21:19,6.915373
20231205_500101009_21:21,6.830537
20231205_500101009_21:22,6.797596
20231205_500101009_21:23,6.790941
20231205_500101009_21:24,6.842974
20231205_500101009_21:25,6.878802
20231205_500101009_21:26,6.820482
20231205_500101009_21:27,6.675113
20231205_500101009_21:28,6.528590
20231205_500101009_21:29,6.482332
20231205_500101009_21:30,6.542392
20231205_500101009_21:32,6.729900
20231205_500101009_21:33,6.705009
20231205_500101009_21:34,6.623716
20231205_500101009_21:35,6.699491
20231205_500101009_21:36,6.703656
20231205_500101009_21:37,6.731939
20231205_500101009_21:38,6.705306
20231205_500101009_21:39,6.584430
20231205_500101009_21:40,6.416440
20231205_500101009_21:41,6.302814
20231205_500101009_21:42,6.315173
20231205_500101009_21:43,6.434161
20231205_500101009_21:44,6.566322
20231205_500101009_21:45,6.489213
20231205_500101009_21:46,6.457994
20231205_500101009_21:47,6.433206
20231205_500101009_21:48,6.434662
20231205_500101009_21:49,6.476615
20231205_500101009_21:50,6.508793
20231205_500101009_21:51,6.459143
20231205_500101009_21:52,6.309148
20231205_500101009_21:53,6.111645
20231205_500101009_21:54,5.968733
20231205_500101009_21:55,6.082896
20231205_500101009_21:56,6.211031
20231205_500101009_21:57,6.333543
20231205_500101009_21:58,6.313017
20231205_500101009_21:59,6.146157
20231205_500101009_22:01,5.834819
20231205_500101009_22:02,5.834259
20231205_500101009_22:03,5.839341
20231205_500101009_22:04,5.723083
20231205_500101009_22:05,5.497083
20231205_500101009_22:06,5.285826
20231205_500101009_22:07,5.220629
20231205_500101009_22:08,5.323056
20231205_500101009_22:09,5.484059
20231205_500101009_22:10,5.558366
20231205_500101009_22:12,5.375363
20231205_500101009_22:13,5.373849
20231205_500101009_22:14,5.455773
20231205_500101009_22:15,5.676560
20231205_500101009_22:16,5.679054
20231205_500101009_22:17,5.526575
20231205_500101009_22:18,5.394146
20231205_500101009_22:19,5.334610
20231205_500101009_22:21,5.386990
20231205_500101009_22:22,5.502397
20231205_500101009_22:23,5.486072
20231205_500101009_22:24,5.477750
20231205_500101009_22:25,5.534111
20231205_500101009_22:26,5.596608
20231205_500101009_22:27,5.640486
20231205_500101009_22:28,5.588264
20231205_500101009_22:29,5.473257
20231205_500101009_22:31,5.325192
20231205_500101009_22:32,5.373503
20231205_500101009_22:33,5.465608
20231205_500101009_22:34,5.540963
20231205_500101009_22:35,5.526931
20231205_500101009_22:36,5.498679
20231205_500101009_22:37,5.457008
20231205_500101009_22:38,5.447403
20231205_500101009_22:39,5.446426
20231205_500101009_22:41,5.250627
20231205_500101009_22:42,5.111488
20231205_500101009_22:43,4.983793
20231205_500101009_22:44,4.901408
20231205_500101009_22:45,4.948293
20231205_500101009_22:46,4.949037
20231205_500101009_22:47,4.958849
20231205_500101009_22:48,4.896712
20231205_500101009_22:49,4.830813
20231205_500101009_22:51,4.777741
20231205_500101009_22:52,4.757533
20231205_500101009_22:53,4.678694
20231205_500101009_22:54,4.536249
20231205_500101009_22:55,4.304920
20231205_500101009_22:56,4.258988
20231205_500101009_22:57,4.274581
20231205_500101009_22:58,4.394252
20231205_500101009_22:59,4.555916
20231205_500101009_23:01,4.750759
20231205_500101009_23:02,4.844600
20231205_500101009_23:03,4.980334
20231205_500101009_23:04,5.105213
20231205_500101009_23:05,5.271430
20231205_500101009_23:06,5.340087
20231205_500101009_23:07,5.383965
20231205_500101009_23:08,5.465080
20231205_500101009_23:09,5.529854
20231205_500101009_23:11,5.608476
20231205_500101009_23:12,5.626884
20231205_500101009_23:13,5.642861
20231205_500101009_23:14,5.648961
20231205_500101009_23:15,5.588988
20231205_500101009_23:16,5.572124
20231205_500101009_23:17,5.541914
20231205_500101009_23:18,5.507201
20231205_500101009_23:19,5.460014
20231205_500101009_23:21,5.345416
20231205_500101009_23:22,5.335239
20231205_500101009_23:23,5.346137
20231205_500101009_23:24,5.385968
20231205_500101009_23:25,5.443395
20231205_500101009_23:26,5.439261
20231205_500101009_23:27,5.408226
20231205_500101009_23:28,5.401340
20231205_500101009_23:29,5.433258
20231205_500101009_23:31,5.445220
20231205_500101009_23:32,5.379132
20231206_500101009_00:00,6.937881
20231206_500101009_00:01,6.936024
20231206_500101009_00:02,6.911605
20231206_500101009_00:03,6.889658
20231206_500101009_00:04,6.822576
20231206_500101009_00:05,6.712976
20231206_500101009_00:06,6.614780
20231206_500101009_00:07,6.574441
20231206_500101009_00:08,6.618662
20231206_500101009_00:09,6.675547
20231206_500101009_00:10,6.691802
20231206_500101009_00:11,6.652800
20231206_500101009_00:12,6.553149
20231206_500101009_00:13,6.482720
20231206_500101009_00:14,6.435592
20231206_500101009_00:15,6.388686
20231206_500101009_00:16,6.312390
20231206_500101009_00:17,6.227187
20231206_500101009_00:18,6.118403
20231206_500101009_00:19,6.094842
20231206_500101009_00:21,6.268770
20231206_500101009_00:22,6.478016
20231206_500101009_00:23,6.633303
20231206_500101009_00:24,6.612714
20231206_500101009_00:25,6.619388
20231206_500101009_00:26,6.623806
20231206_500101009_00:27,6.694373
20231206_500101009_00:28,6.770912
20231206_500101009_00:29,6.770322
20231206_500101009_00:30,6.671783
20231206_500101009_00:31,6.545284
20231206_500101009_00:32,6.494713
20231206_500101009_00:33,6.566103
20231206_500101009_00:34,6.704591
20231206_500101009_00:35,6.904154
20231206_500101009_00:36,6.897764
20231206_500101009_00:37,6.748115
20231206_500101009_00:38,6.728410
20231206_500101009_00:39,6.806699
20231206_500101009_00:40,6.851304
20231206_500101009_00:41,6.858748
20231206_500101009_00:42,6.821277
20231206_500101009_00:43,6.817617
20231206_500101009_00:44,6.873362
20231206_500101009_00:45,6.952011
20231206_500101009_00:46,7.005347
20231206_500101009_00:47,7.042467
20231206_500101009_00:48,7.108201
20231206_500101009_00:49,7.123737
20231206_500101009_00:50,7.117229
20231206_500101009_00:51,7.115572
20231206_500101009_00:52,7.055894
20231206_500101009_00:53,7.005535
20231206_500101009_00:54,6.915984
20231206_500101009_00:55,6.829432
20231206_500101009_00:56,6.799301
20231206_500101009_00:57,6.817656
20231206_500101009_00:58,6.804079
20231206_500101009_00:59,6.760355
20231206_500101009_01:00,6.728039
20231206_500101009_01:01,6.721201
20231206_500101009_01:02,6.741428
20231206_500101009_01:03,6.745986
20231206_500101009_01:04,6.703802
20231206_500101009_01:05,6.653214
20231206_500101009_01:06,6.569999
20231206_500101009_01:07,6.525998
20231206_500101009_01:08,6.527152
20231206_500101009_01:09,6.542731
20231206_500101009_01:10,6.535377
20231206_500101009_01:11,6.496161
20231206_500101009_01:12,6.453332
20231206_500101009_01:14,6.559171
20231206_500101009_01:16,6.568029
20231206_500101009_01:18,6.597621
20231206_500101009_01:19,6.627166
20231206_500101009_01:21,6.659136
20231206_500101009_01:22,6.619145
20231206_500101009_01:23,6.622649
20231206_500101009_01:24,6.610021
20231206_500101009_01:25,6.696723
20231206_500101009_01:26,6.744987
20231206_500101009_01:27,6.756538
20231206_500101009_01:28,6.730288
20231206_500101009_01:29,6.687993
20231206_500101009_01:31,6.709911
20231206_500101009_01:32,6.755187
20231206_500101009_01:33,6.763541
20231206_500101009_01:35,6.730141
20231206_500101009_01:36,6.772871
20231206_500101009_01:37,6.856328
20231206_500101009_01:38,6.975899
20231206_500101009_01:39,7.040668
20231206_500101009_01:41,7.063591
20231206_500101009_01:42,7.066633
20231206_500101009_01:43,7.088731
20231206_500101009_01:44,7.153203
20231206_500101009_01:45,7.239615
20231206_500101009_01:46,7.212491
20231206_500101009_01:47,7.143324
20231206_500101009_01:48,7.087394
20231206_500101009_01:49,7.097752
20231206_500101009_01:51,7.193082
20231206_500101009_01:52,7.178200
20231206_500101009_01:53,7.122939
20231206_500101009_01:54,7.072865
20231206_500101009_01:55,6.972052
20231206_500101009_01:56,7.008322
20231206_500101009_01:57,7.041188
20231206_500101009_01:58,7.039007
20231206_500101009_01:59,7.002620
20231206_500101009_02:01,6.985923
20231206_500101009_02:02,7.055434
20231206_500101009_02:04,7.192595
20231206_500101009_02:05,7.197459
20231206_500101009_02:06,7.170971
20231206_500101009_02:07,7.154661
20231206_500101009_02:08,7.214227
20231206_500101009_02:09,7.361584
20231206_500101009_02:11,7.558416
20231206_500101009_02:12,7.569119
20231206_500101009_02:13,7.586917
20231206_500101009_02:14,7.661071
20231206_500101009_02:15,7.837904
20231206_500101009_02:16,7.930884
20231206_500101009_02:17,7.937310
20231206_500101009_02:18,7.857940
20231206_500101009_02:19,7.758907
20231206_500101009_02:21,7.728339
20231206_500101009_02:22,7.771721
20231206_500101009_02:23,7.792157
20231206_500101009_02:24,7.761176
20231206_500101009_02:25,7.754411
20231206_500101009_02:26,7.749635
20231206_500101009_02:27,7.828833
20231206_500101009_02:28,7.958041
20231206_500101009_02:29,8.074833
20231206_500101009_02:30,8.126051
20231206_500101009_02:31,8.122535
20231206_500101009_02:32,8.124331
20231206_500101009_02:33,8.183702
20231206_500101009_02:34,8.295969
20231206_500101009_02:35,8.403124
20231206_500101009_02:36,8.446470
20231206_500101009_02:37,8.419580
20231206_500101009_02:38,8.372700
20231206_500101009_02:39,8.364604
20231206_500101009_02:40,8.406483
20231206_500101009_02:41,8.449888
20231206_500101009_02:42,8.430410
20231206_500101009_02:43,8.327353
20231206_500101009_02:44,8.184861
20231206_500101009_02:45,8.031732
20231206_500101009_02:46,7.993317
20231206_500101009_02:47,8.001726
20231206_500101009_02:48,7.997258
20231206_500101009_02:49,7.944728
20231206_500101009_02:50,7.869140
20231206_500101009_02:51,7.834173
20231206_500101009_02:52,7.883292
20231206_500101009_02:53,7.997844
20231206_500101009_02:54,8.111196
20231206_500101009_02:55,8.166557
20231206_500101009_02:56,8.162179
20231206_500101009_02:57,8.128083
20231206_500101009_02:58,8.157053
20231206_500101009_02:59,8.254389
20231206_500101009_03:00,8.362429
20231206_500101009_03:01,8.410131
20231206_500101009_03:02,8.371137
20231206_500101009_03:03,8.320514
20231206_500101009_03:04,8.317371
20231206_500101009_03:05,8.364080
20231206_500101009_03:06,8.409661
20231206_500101009_03:07,8.380539
20231206_500101009_03:08,8.257848
20231206_500101009_03:09,8.173980
20231206_500101009_03:10,8.120885
20231206_500101009_03:11,8.158146
20231206_500101009_03:12,8.204328
20231206_500101009_03:13,8.222406
20231206_500101009_03:14,8.222081
20231206_500101009_03:15,8.105379
20231206_500101009_03:16,8.170988
20231206_500101009_03:17,8.280526
20231206_500101009_03:18,8.393632
20231206_500101009_03:19,8.464321
20231206_500101009_03:21,8.450798
20231206_500101009_03:22,8.425812
20231206_500101009_03:23,8.419332
20231206_500101009_03:24,8.414655
20231206_500101009_03:25,8.479050
20231206_500101009_03:26,8.425949
20231206_500101009_03:27,8.368395
20231206_500101009_03:28,8.375444
20231206_500101009_03:29,8.437738
20231206_500101009_03:30,8.546140
20231206_500101009_03:31,8.648050
20231206_500101009_03:32,8.694906
20231206_500101009_03:33,8.678648
20231206_500101009_03:34,8.647799
20231206_500101009_03:35,8.724588
20231206_500101009_03:36,8.730072
20231206_500101009_03:37,8.747162
20231206_500101009_03:38,8.743532
20231206_500101009_03:39,8.640747
20231206_500101009_03:40,8.598894
20231206_500101009_03:41,8.613136
20231206_500101009_03:42,8.741965
20231206_500101009_03:43,8.948525
20231206_500101009_03:44,9.075004
20231206_500101009_03:45,9.136087
20231206_500101009_03:46,9.005041
20231206_500101009_03:47,8.909811
20231206_500101009_03:48,8.933549
20231206_500101009_03:49,9.015905
20231206_500101009_03:50,9.038561
20231206_500101009_03:51,8.933776
20231206_500101009_03:52,8.781908
20231206_500101009_03:53,8.720881
20231206_500101009_03:54,8.793737
20231206_500101009_03:56,8.989056
20231206_500101009_03:57,9.032793
20231206_500101009_03:58,8.953190
20231206_500101009_03:59,8.906998
20231206_500101009_04:01,8.957529
20231206_500101009_04:02,8.998098
20231206_500101009_04:03,8.975274
20231206_500101009_04:04,8.886805
20231206_500101009_04:05,8.784088
20231206_500101009_04:06,8.787495
20231206_500101009_04:07,8.911692
20231206_500101009_04:08,9.092820
20231206_500101009_04:09,9.246261
20231206_500101009_04:11,9.275663
20231206_500101009_04:12,9.224385
20231206_500101009_04:13,9.201934
20231206_500101009_04:14,9.202955
20231206_500101009_04:15,9.261435
20231206_500101009_04:16,9.263055
20231206_500101009_04:17,9.167439
20231206_500101009_04:18,9.073566
20231206_500101009_04:19,9.077318
20231206_500101009_04:21,9.283546
20231206_500101009_04:22,9.371585
20231206_500101009_04:23,9.357079
20231206_500101009_04:24,9.355946
20231206_500101009_04:25,9.385006
20231206_500101009_04:26,9.409443
20231206_500101009_04:27,9.423134
20231206_500101009_04:28,9.436253
20231206_500101009_04:29,9.392759
20231206_500101009_04:31,9.346670
20231206_500101009_04:32,9.371815
20231206_500101009_04:33,9.426158
20231206_500101009_04:34,9.540817
20231206_500101009_04:35,9.618451
20231206_500101009_04:36,9.630560
20231206_500101009_04:37,9.658168
20231206_500101009_04:38,9.684124
20231206_500101009_04:39,9.705109
20231206_500101009_04:41,9.654513
20231206_500101009_04:42,9.562747
20231206_500101009_04:43,9.463423
20231206_500101009_04:44,9.432353
20231206_500101009_04:45,9.423126
20231206_500101009_04:46,9.464301
20231206_500101009_04:47,9.511533
20231206_500101009_04:48,9.476225
20231206_500101009_04:49,9.409283
20231206_500101009_04:51,9.428988
20231206_500101009_04:52,9.387159
20231206_500101009_04:53,9.382036
20231206_500101009_04:54,9.314257
20231206_500101009_04:55,9.263153
20231206_500101009_04:56,9.249058
20231206_500101009_04:57,9.254730
20231206_500101009_04:58,9.316552
20231206_500101009_04:59,9.413730
20231206_500101009_05:01,9.546844
20231206_500101009_05:02,9.656788
20231206_500101009_05:03,9.739000
20231206_500101009_05:04,9.705486
20231206_500101009_05:05,9.724542
20231206_500101009_05:06,9.700383
20231206_500101009_05:07,9.661901
20231206_500101009_05:08,9.654112
20231206_500101009_05:09,9.660888
20231206_500101009_05:11,9.800400
20231206_500101009_05:12,9.893166
20231206_500101009_05:13,9.883390
20231206_500101009_05:14,9.852794
20231206_500101009_05:15,9.773503
20231206_500101009_05:16,9.794759
20231206_500101009_05:17,9.807096
20231206_500101009_05:18,9.785584
20231206_500101009_05:19,9.718708
20231206_500101009_05:21,9.547441
20231206_500101009_05:22,9.512542
20231206_500101009_05:23,9.504726
20231206_500101009_05:24,9.497663
20231206_500101009_05:25,9.542148
20231206_500101009_05:26,9.552035
20231206_500101009_05:27,9.623448
20231206_500101009_05:28,9.711185
20231206_500101009_05:29,9.757983
20231206_500101009_05:30,9.729029
20231206_500101009_05:31,9.674796
20231206_500101009_05:32,9.653671
20231206_500101009_05:33,9.680497
20231206_500101009_05:34,9.726032
20231206_500101009_05:35,9.824720
20231206_500101009_05:36,9.834131
20231206_500101009_05:37,9.856589
20231206_500101009_05:38,9.924010
20231206_500101009_05:39,10.028265
20231206_500101009_05:40,10.117175
20231206_500101009_05:41,10.149625
20231206_500101009_05:42,10.097183
20231206_500101009_05:43,9.987511
20231206_500101009_05:44,9.932178
20231206_500101009_05:45,9.982012
20231206_500101009_05:46,10.073193
20231206_500101009_05:47,10.185030
20231206_500101009_05:48,10.283314
20231206_500101009_05:49,10.377479
20231206_500101009_05:50,10.502350
20231206_500101009_05:51,10.669991
20231206_500101009_05:52,10.839394
20231206_500101009_05:53,10.936127
20231206_500101009_05:54,10.907908
20231206_500101009_05:55,10.741013
20231206_500101009_05:56,10.559805
20231206_500101009_05:57,10.436722
20231206_500101009_05:58,10.368771
20231206_500101009_05:59,10.322639
20231206_500101009_06:00,10.270426
20231206_500101009_06:01,10.212201
20231206_500101009_06:02,10.207730
20231206_500101009_06:03,10.197447
20231206_500101009_06:04,10.174438
20231206_500101009_06:05,10.247415
20231206_500101009_06:06,10.182452
20231206_500101009_06:07,10.046025
20231206_500101009_06:08,9.927317
20231206_500101009_06:09,9.800631
20231206_500101009_06:10,9.694104
20231206_500101009_06:11,9.637050
20231206_500101009_06:12,9.664432
20231206_500101009_06:13,9.711067
20231206_500101009_06:14,9.790686
20231206_500101009_06:15,9.905787
20231206_500101009_06:16,9.970655
20231206_500101009_06:17,10.107336
20231206_500101009_06:18,10.208908
20231206_500101009_06:19,10.218563
20231206_500101009_06:21,10.073973
20231206_500101009_06:22,9.975568
20231206_500101009_06:23,9.887932
20231206_500101009_06:24,9.844897
20231206_500101009_06:25,9.764363
20231206_500101009_06:26,9.778131
20231206_500101009_06:27,9.793101
20231206_500101009_06:28,9.802418
20231206_500101009_06:29,9.752787
20231206_500101009_06:30,9.732197
20231206_500101009_06:31,9.686085
20231206_500101009_06:32,9.601257
20231206_500101009_06:33,9.486187
20231206_500101009_06:34,9.393449
20231206_500101009_06:35,9.335556
20231206_500101009_06:36,9.297176
20231206_500101009_06:37,9.330157
20231206_500101009_06:38,9.340437
20231206_500101009_06:39,9.386887
20231206_500101009_06:40,9.483576
20231206_500101009_06:41,9.510945
20231206_500101009_06:42,9.505909
20231206_500101009_06:43,9.547364
20231206_500101009_06:44,9.513799
20231206_500101009_06:45,9.409540
20231206_500101009_06:46,9.432301
20231206_500101009_06:48,9.290459
20231206_500101009_06:49,9.201628
20231206_500101009_06:51,9.294305
20231206_500101009_06:52,9.387240
20231206_500101009_06:53,9.430882
20231206_500101009_06:54,9.418186
20231206_500101009_06:55,9.351228
20231206_500101009_06:56,9.270170
20231206_500101009_06:57,9.204735
20231206_500101009_06:58,9.150946
20231206_500101009_06:59,9.082635
20231206_500101009_07:00,8.985344
20231206_500101009_07:02,8.807711
20231206_500101009_07:03,8.800714
20231206_500101009_07:04,8.845535
20231206_500101009_07:05,8.815838
20231206_500101009_07:06,8.815819
20231206_500101009_07:07,8.801482
20231206_500101009_07:08,8.784765
20231206_500101009_07:09,8.740433
20231206_500101009_07:11,8.595679
20231206_500101009_07:12,8.466294
20231206_500101009_07:13,8.317313
20231206_500101009_07:14,8.176352
20231206_500101009_07:15,8.096273
20231206_500101009_07:16,8.101355
20231206_500101009_07:17,8.158453
20231206_500101009_07:18,8.176172
20231206_500101009_07:19,8.164602
20231206_500101009_07:21,8.020510
20231206_500101009_07:22,7.933047
20231206_500101009_07:23,7.864541
20231206_500101009_07:24,7.787936
20231206_500101009_07:25,7.670081
20231206_500101009_07:26,7.573259
20231206_500101009_07:27,7.473825
20231206_500101009_07:28,7.410400
20231206_500101009_07:29,7.436338
20231206_500101009_07:31,7.552803
20231206_500101009_07:32,7.511979
20231206_500101009_07:33,7.397115
20231206_500101009_07:34,7.268882
20231206_500101009_07:35,7.125589
20231206_500101009_07:36,7.005459
20231206_500101009_07:37,6.887586
20231206_500101009_07:38,6.721815
20231206_500101009_07:39,6.497282
20231206_500101009_07:41,6.112065
20231206_500101009_07:42,6.040893
20231206_500101009_07:43,5.999561
20231206_500101009_07:44,5.897632
20231206_500101009_07:45,5.819226
20231206_500101009_07:46,5.659503
20231206_500101009_07:47,5.499283
20231206_500101009_07:48,5.367956
20231206_500101009_07:49,5.261430
20231206_500101009_07:51,5.036358
20231206_500101009_07:52,4.926225
20231206_500101009_07:53,4.864541
20231206_500101009_07:54,4.840193
20231206_500101009_07:55,4.900791
20231206_500101009_07:56,4.942734
20231206_500101009_07:57,4.929671
20231206_500101009_07:58,4.844737
20231206_500101009_07:59,4.720117
20231206_500101009_08:01,4.510855
20231206_500101009_08:02,4.424006
20231206_500101009_08:03,4.309878
20231206_500101009_08:04,4.165362
20231206_500101009_08:05,3.988608
20231206_500101009_08:06,3.910444
20231206_500101009_08:07,3.908167
20231206_500101009_08:08,3.913401
20231206_500101009_08:09,3.895924
20231206_500101009_08:10,3.824212
20231206_500101009_08:11,3.713879
20231206_500101009_08:12,3.577277
20231206_500101009_08:13,3.450686
20231206_500101009_08:14,1.847883
20231206_500101009_08:15,1.867107
20231206_500101009_08:16,1.851639
20231206_500101009_08:17,1.725711
20231206_500101009_08:18,1.516246
20231206_500101009_08:19,1.322066
20231206_500101009_08:21,1.297877
20231206_500101009_08:22,1.317245
20231206_500101009_08:23,1.316652
20231206_500101009_08:24,1.243032
20231206_500101009_08:25,1.146842
20231206_500101009_08:26,1.214254
20231206_500101009_08:27,1.311860
20231206_500101009_08:28,1.322299
20231206_500101009_08:29,1.254775
20231206_500101009_08:30,1.115179
20231206_500101009_08:32,0.755109
20231206_500101009_08:33,0.712024
20231206_500101009_08:34,0.729570
20231206_500101009_08:35,0.744700
20231206_500101009_08:36,0.658919
20231206_500101009_08:37,0.535210
20231206_500101009_08:38,0.446597
20231206_500101009_08:39,0.432322
20231206_500101009_08:40,0.465097
20231206_500101009_08:41,0.496508
20231206_500101009_08:42,0.420851
20231206_500101009_08:43,0.251961
20231206_500101009_08:44,0.083148
20231206_500101009_08:45,0.036893
20231206_500101009_08:46,0.092847
20231206_500101009_08:47,0.166782
20231206_500101009_08:48,0.187096
20231206_500101009_08:49,0.144710
20231206_500101009_08:50,0.159699
20231206_500101009_08:51,0.236577
20231206_500101009_08:52,0.328363
20231206_500101009_08:53,0.382060
20231206_500101009_08:54,0.387988
20231206_500101009_08:55,0.280831
20231206_500101009_08:56,0.129543
20231206_500101009_08:57,0.000192
20231206_500101009_08:58,0.014689
20231206_500101009_08:59,0.027040
20231206_500101009_09:01,0.071162
20231206_500101009_09:02,0.011253
20231206_500101009_09:03,0.057487
20231206_500101009_09:04,0.035233
20231206_500101009_09:05,0.012214
20231206_500101009_09:06,0.067077
20231206_500101009_09:07,0.108388
20231206_500101009_09:08,0.075633
20231206_500101009_09:09,0.042401
20231206_500101009_09:10,0.076519
20231206_500101009_09:11,0.146791
20231206_500101009_09:12,0.277083
20231206_500101009_09:13,0.392106
20231206_500101009_09:14,0.497869
20231206_500101009_09:15,0.395739
20231206_500101009_09:16,0.270636
20231206_500101009_09:17,0.286093
20231206_500101009_09:18,0.410309
20231206_500101009_09:19,0.532634
20231206_500101009_09:21,0.442608
20231206_500101009_09:22,0.287064
20231206_500101009_09:23,0.196464
20231206_500101009_09:24,0.190642
20231206_500101009_09:25,0.268416
20231206_500101009_09:26,0.293458
20231206_500101009_09:27,0.180104
20231206_500101009_09:28,0.037989
20231206_500101009_09:29,0.240073
20231206_500101009_09:31,0.287164
20231206_500101009_09:32,0.231331
20231206_500101009_09:33,0.254373
20231206_500101009_09:34,0.175165
20231206_500101009_09:35,0.231284
20231206_500101009_09:36,0.203481
20231206_500101009_09:37,0.101500
20231206_500101009_09:38,0.028715
20231206_500101009_09:39,0.045904
20231206_500101009_09:40,0.120197
20231206_500101009_09:41,0.141982
20231206_500101009_09:42,0.103919
20231206_500101009_09:43,0.022798
20231206_500101009_09:44,3.387085
20231206_500101009_09:45,3.482407
20231206_500101009_09:46,3.468189
20231206_500101009_09:47,3.421135
20231206_500101009_09:48,3.414367
20231206_500101009_09:49,3.480617
20231206_500101009_09:50,3.584623
20231206_500101009_09:51,3.657848
20231206_500101009_09:52,3.663424
20231206_500101009_09:53,3.631454
20231206_500101009_09:54,3.632204
20231206_500101009_09:55,3.720460
20231206_500101009_09:56,3.858604
20231206_500101009_09:57,3.986489
20231206_500101009_09:58,4.044455
20231206_500101009_09:59,4.021895
20231206_500101009_10:01,4.080610
20231206_500101009_10:02,4.210126
20231206_500101009_10:03,4.335272
20231206_500101009_10:04,4.388206
20231206_500101009_10:05,4.386008
20231206_500101009_10:06,4.333807
20231206_500101009_10:07,4.322516
20231206_500101009_10:09,4.406252
20231206_500101009_10:11,4.277545
20231206_500101009_10:12,4.129961
20231206_500101009_10:13,4.006441
20231206_500101009_10:14,3.973573
20231206_500101009_10:15,3.959318
20231206_500101009_10:16,3.954947
20231206_500101009_10:17,3.892118
20231206_500101009_10:18,3.873583
20231206_500101009_10:19,3.879322
20231206_500101009_10:21,3.956205
20231206_500101009_10:22,4.008654
20231206_500101009_10:23,4.063135
20231206_500101009_10:24,4.087478
20231206_500101009_10:25,4.140424
20231206_500101009_10:26,4.231513
20231206_500101009_10:27,4.389024
20231206_500101009_10:28,4.547987
20231206_500101009_10:29,4.668946
20231206_500101009_10:31,4.869248
20231206_500101009_10:32,4.969762
20231206_500101009_10:33,5.046930
20231206_500101009_10:34,0.629872
20231206_500101009_10:35,0.519709
20231206_500101009_10:36,0.357185
20231206_500101009_10:37,0.210448
20231206_500101009_10:38,0.148881
20231206_500101009_10:39,0.172392
20231206_500101009_10:41,0.383194
20231206_500101009_10:42,0.404302
20231206_500101009_10:43,0.366392
20231206_500101009_10:44,0.385842
20231206_500101009_10:45,0.467527
20231206_500101009_10:46,0.563181
20231206_500101009_10:47,0.693436
20231206_500101009_10:48,0.709733
20231206_500101009_10:49,0.625647
20231206_500101009_10:51,0.618091
20231206_500101009_10:52,0.805109
20231206_500101009_10:53,1.011717
20231206_500101009_10:54,1.125341
20231206_500101009_10:55,1.138832
20231206_500101009_10:56,1.042983
20231206_500101009_10:57,1.001092
20231206_500101009_10:58,1.089820
20231206_500101009_10:59,1.250105
20231206_500101009_11:00,1.343131
20231206_500101009_11:02,1.066434
20231206_500101009_11:03,0.913954
20231206_500101009_11:04,0.935980
20231206_500101009_11:05,1.109698
20231206_500101009_11:06,1.275290
20231206_500101009_11:07,1.295288
20231206_500101009_11:08,1.204604
20231206_500101009_11:09,1.091499
20231206_500101009_11:11,1.070167
20231206_500101009_11:12,1.105057
20231206_500101009_11:13,1.037333
20231206_500101009_11:14,0.829309
20231206_500101009_11:15,0.578156
20231206_500101009_11:16,0.478566
20231206_500101009_11:17,0.524635
20231206_500101009_11:18,0.601533
20231206_500101009_11:19,0.628000
20231206_500101009_11:21,0.473700
20231206_500101009_11:22,0.433693
20231206_500101009_11:23,0.420351
20231206_500101009_11:24,8.325786
20231206_500101009_11:25,8.370728
20231206_500101009_11:26,8.346143
20231206_500101009_11:27,8.291420
20231206_500101009_11:29,8.269603
20231206_500101009_11:31,8.427513
20231206_500101009_11:32,8.497571
20231206_500101009_11:33,8.513458
20231206_500101009_11:34,8.483900
20231206_500101009_11:35,8.450512
20231206_500101009_11:36,8.442199
20231206_500101009_11:37,8.425708
20231206_500101009_11:38,8.410390
20231206_500101009_11:39,8.389553
20231206_500101009_11:40,8.372363
20231206_500101009_11:41,8.376441
20231206_500101009_11:42,8.395468
20231206_500101009_11:43,8.420810
20231206_500101009_11:44,0.110200
20231206_500101009_11:45,0.034443
20231206_500101009_11:46,0.015407
20231206_500101009_11:47,0.039725
20231206_500101009_11:48,0.187640
20231206_500101009_11:49,0.319665
20231206_500101009_11:50,0.402562
20231206_500101009_11:51,0.399316
20231206_500101009_11:52,0.306520
20231206_500101009_11:53,0.218105
20231206_500101009_11:54,0.251903
20231206_500101009_11:55,0.405366
20231206_500101009_11:56,0.616513
20231206_500101009_11:57,0.740605
20231206_500101009_11:58,0.742132
20231206_500101009_11:59,0.681443
20231206_500101009_12:01,0.775625
20231206_500101009_12:02,0.925766
20231206_500101009_12:03,1.011934
20231206_500101009_12:04,0.987448
20231206_500101009_12:05,0.928972
20231206_500101009_12:06,0.906213
20231206_500101009_12:07,1.058581
20231206_500101009_12:08,1.330356
20231206_500101009_12:09,1.599760
20231206_500101009_12:10,1.762583
20231206_500101009_12:11,1.817484
20231206_500101009_12:12,1.863272
20231206_500101009_12:13,1.966282
20231206_500101009_12:14,2.064811
20231206_500101009_12:15,2.141956
20231206_500101009_12:16,2.221392
20231206_500101009_12:17,2.163020
20231206_500101009_12:18,2.041201
20231206_500101009_12:19,2.016880
20231206_500101009_12:21,2.412527
20231206_500101009_12:22,2.665032
20231206_500101009_12:23,2.784722
20231206_500101009_12:24,4.555001
20231206_500101009_12:25,4.408086
20231206_500101009_12:26,4.403105
20231206_500101009_12:27,4.515729
20231206_500101009_12:28,4.675766
20231206_500101009_12:29,4.766879
20231206_500101009_12:30,4.739176
20231206_500101009_12:31,4.659253
20231206_500101009_12:32,4.650701
20231206_500101009_12:33,4.788260
20231206_500101009_12:34,3.826995
20231206_500101009_12:35,3.943794
20231206_500101009_12:36,3.964032
20231206_500101009_12:37,3.882245
20231206_500101009_12:38,3.827117
20231206_500101009_12:39,3.873447
20231206_500101009_12:40,3.973520
20231206_500101009_12:41,4.005395
20231206_500101009_12:42,3.892609
20231206_500101009_12:43,3.685941
20231206_500101009_12:44,3.500130
20231206_500101009_12:45,3.483778
20231206_500101009_12:46,3.565803
20231206_500101009_12:47,3.647782
20231206_500101009_12:48,3.601512
20231206_500101009_12:49,3.409921
20231206_500101009_12:50,3.176919
20231206_500101009_12:51,3.064464
20231206_500101009_12:52,3.047155
20231206_500101009_12:53,3.037802
20231206_500101009_12:54,2.932198
20231206_500101009_12:55,2.645727
20231206_500101009_12:56,2.419955
20231206_500101009_12:57,2.349082
20231206_500101009_12:58,2.421803
20231206_500101009_12:59,2.537194
20231206_500101009_13:01,2.447188
20231206_500101009_13:02,2.306261
20231206_500101009_13:03,2.199941
20231206_500101009_13:04,2.160883
20231206_500101009_13:05,2.131426
20231206_500101009_13:06,2.021190
20231206_500101009_13:07,1.799148
20231206_500101009_13:08,1.533433
20231206_500101009_13:09,1.339734
20231206_500101009_13:10,1.283305
20231206_500101009_13:11,1.322967
20231206_500101009_13:12,1.347948
20231206_500101009_13:13,1.274336
20231206_500101009_13:14,1.114131
20231206_500101009_13:16,0.876288
20231206_500101009_13:17,0.867909
20231206_500101009_13:18,0.847041
20231206_500101009_13:19,0.737314
20231206_500101009_13:21,0.377159
20231206_500101009_13:22,0.324350
20231206_500101009_13:23,0.416895
20231206_500101009_13:24,0.577443
20231206_500101009_13:25,0.674470
20231206_500101009_13:26,0.658457
20231206_500101009_13:27,0.581798
20231206_500101009_13:28,0.521539
20231206_500101009_13:29,0.534976
20231206_500101009_13:31,0.516253
20231206_500101009_13:32,0.378270
20231206_500101009_13:33,0.218872
20231206_500101009_13:34,0.118693
20231206_500101009_13:35,0.077778
20231206_500101009_13:36,0.131498
20231206_500101009_13:37,0.193204
20231206_500101009_13:38,0.168844
20231206_500101009_13:39,0.062193
20231206_500101009_13:41,0.099609
20231206_500101009_13:42,0.090107
20231206_500101009_13:43,0.067819
20231206_500101009_13:44,3.083507
20231206_500101009_13:45,3.047751
20231206_500101009_13:46,3.036863
20231206_500101009_13:47,3.040014
20231206_500101009_13:48,3.087209
20231206_500101009_13:49,3.180506
20231206_500101009_13:51,3.415856
20231206_500101009_13:52,3.404659
20231206_500101009_13:53,3.384112
20231206_500101009_13:54,3.205617
20231206_500101009_13:55,3.282385
20231206_500101009_13:56,3.385212
20231206_500101009_13:57,3.435454
20231206_500101009_13:58,3.398055
20231206_500101009_13:59,3.323350
20231206_500101009_14:00,3.303596
20231206_500101009_14:02,3.536978
20231206_500101009_14:03,3.651370
20231206_500101009_14:04,3.661988
20231206_500101009_14:05,3.582525
20231206_500101009_14:06,3.510160
20231206_500101009_14:07,3.516251
20231206_500101009_14:08,3.588876
20231206_500101009_14:09,3.628638
20231206_500101009_14:11,3.480157
20231206_500101009_14:12,3.401945
20231206_500101009_14:13,3.432942
20231206_500101009_14:14,3.568196
20231206_500101009_14:15,3.725201
20231206_500101009_14:16,3.780807
20231206_500101009_14:17,3.717020
20231206_500101009_14:18,3.599045
20231206_500101009_14:19,3.520493
20231206_500101009_14:21,3.534580
20231206_500101009_14:22,3.487606
20231206_500101009_14:23,3.350435
20231206_500101009_14:24,0.178207
20231206_500101009_14:25,0.114005
20231206_500101009_14:26,0.118257
20231206_500101009_14:27,0.109679
20231206_500101009_14:28,0.016627
20231206_500101009_14:29,0.079227
20231206_500101009_14:31,0.116723
20231206_500101009_14:32,0.073886
20231206_500101009_14:33,0.062597
20231206_500101009_14:34,3.667905
20231206_500101009_14:35,3.706592
20231206_500101009_14:36,3.658509
20231206_500101009_14:37,3.638446
20231206_500101009_14:38,3.726695
20231206_500101009_14:39,3.966660
20231206_500101009_14:40,4.241762
20231206_500101009_14:41,4.412593
20231206_500101009_14:42,4.421696
20231206_500101009_14:43,4.335304
20231206_500101009_14:44,4.325633
20231206_500101009_14:45,4.350840
20231206_500101009_14:46,4.495386
20231206_500101009_14:47,4.558838
20231206_500101009_14:48,4.485577
20231206_500101009_14:49,4.423054
20231206_500101009_14:50,4.407065
20231206_500101009_14:51,4.478970
20231206_500101009_14:52,4.599254
20231206_500101009_14:53,4.680820
20231206_500101009_14:54,1.044784
20231206_500101009_14:55,1.231396
20231206_500101009_14:56,1.332363
20231206_500101009_14:57,1.347186
20231206_500101009_14:58,1.285350
20231206_500101009_14:59,1.232131
20231206_500101009_15:01,1.353283
20231206_500101009_15:02,1.372878
20231206_500101009_15:03,1.279157
20231206_500101009_15:04,4.261908
20231206_500101009_15:05,4.325587
20231206_500101009_15:06,4.317114
20231206_500101009_15:07,4.189801
20231206_500101009_15:08,4.039165
20231206_500101009_15:09,3.916939
20231206_500101009_15:10,3.787069
20231206_500101009_15:11,3.650041
20231206_500101009_15:12,3.507591
20231206_500101009_15:13,3.400757
20231206_500101009_15:14,3.366238
20231206_500101009_15:15,3.364879
20231206_500101009_15:16,3.356069
20231206_500101009_15:17,3.336515
20231206_500101009_15:18,3.306586
20231206_500101009_15:19,3.283272
20231206_500101009_15:21,3.138420
20231206_500101009_15:22,3.035398
20231206_500101009_15:23,2.963300
20231206_500101009_15:24,0.921819
20231206_500101009_15:25,0.859724
20231206_500101009_15:26,0.857062
20231206_500101009_15:27,0.785189
20231206_500101009_15:28,0.659306
20231206_500101009_15:29,0.493107
20231206_500101009_15:30,0.325234
20231206_500101009_15:31,0.194833
20231206_500101009_15:32,0.117468
20231206_500101009_15:33,0.081136
20231206_500101009_15:34,0.063996
20231206_500101009_15:35,0.136637
20231206_500101009_15:36,0.108268
20231206_500101009_15:37,0.139523
20231206_500101009_15:38,0.231701
20231206_500101009_15:39,0.266869
20231206_500101009_15:40,0.250837
20231206_500101009_15:41,0.237893
20231206_500101009_15:42,0.208552
20231206_500101009_15:43,0.152773
20231206_500101009_15:44,2.413155
20231206_500101009_15:45,2.279651
20231206_500101009_15:46,2.103874
20231206_500101009_15:47,1.977795
20231206_500101009_15:48,1.900423
20231206_500101009_15:49,1.871932
20231206_500101009_15:50,1.853488
20231206_500101009_15:51,1.808562
20231206_500101009_15:52,1.739536
20231206_500101009_15:53,1.685262
20231206_500101009_15:54,1.449321
20231206_500101009_15:55,1.535867
20231206_500101009_15:56,1.674067
20231206_500101009_15:57,1.659901
20231206_500101009_15:58,1.506819
20231206_500101009_15:59,1.383055
20231206_500101009_16:01,1.326487
20231206_500101009_16:02,1.351612
20231206_500101009_16:03,1.282864
20231206_500101009_16:04,1.315403
20231206_500101009_16:06,1.320313
20231206_500101009_16:07,1.386051
20231206_500101009_16:08,1.510617
20231206_500101009_16:09,1.601889
20231206_500101009_16:11,1.558348
20231206_500101009_16:12,1.549045
20231206_500101009_16:13,1.597450
20231206_500101009_16:14,1.683016
20231206_500101009_16:15,1.750745
20231206_500101009_16:16,1.799110
20231206_500101009_16:17,1.849108
20231206_500101009_16:18,1.955003
20231206_500101009_16:19,2.141375
20231206_500101009_16:21,2.570752
20231206_500101009_16:22,2.680007
20231206_500101009_16:23,2.702014
20231206_500101009_16:24,2.690950
20231206_500101009_16:25,2.711251
20231206_500101009_16:26,2.769151
20231206_500101009_16:27,2.881440
20231206_500101009_16:28,2.909158
20231206_500101009_16:29,2.876662
20231206_500101009_16:31,3.001148
20231206_500101009_16:32,3.219556
20231206_500101009_16:33,3.426773
20231206_500101009_16:34,3.513462
20231206_500101009_16:35,3.488863
20231206_500101009_16:36,3.445024
20231206_500101009_16:37,3.462405
20231206_500101009_16:38,3.551930
20231206_500101009_16:39,3.664850
20231206_500101009_16:41,3.785475
20231206_500101009_16:42,3.835605
20231206_500101009_16:43,3.912968
20231206_500101009_16:44,2.227868
20231206_500101009_16:45,2.444592
20231206_500101009_16:46,2.563044
20231206_500101009_16:48,2.714456
20231206_500101009_16:49,2.804915
20231206_500101009_16:51,2.941296
20231206_500101009_16:52,2.942734
20231206_500101009_16:53,2.925150
20231206_500101009_16:54,4.312921
20231206_500101009_16:55,4.383921
20231206_500101009_16:56,4.468863
20231206_500101009_16:57,4.551571
20231206_500101009_16:58,4.635805
20231206_500101009_16:59,4.683506
20231206_500101009_17:01,4.665208
20231206_500101009_17:02,4.667530
20231206_500101009_17:03,4.682098
20231206_500101009_17:04,4.710426
20231206_500101009_17:05,4.779687
20231206_500101009_17:06,4.932219
20231206_500101009_17:07,5.158082
20231206_500101009_17:08,5.397026
20231206_500101009_17:09,5.610434
20231206_500101009_17:11,6.005252
20231206_500101009_17:12,6.218824
20231206_500101009_17:13,6.356826
20231206_500101009_17:14,4.609442
20231206_500101009_17:15,4.663824
20231206_500101009_17:16,4.644991
20231206_500101009_17:17,4.581340
20231206_500101009_17:18,4.554121
20231206_500101009_17:19,4.637713
20231206_500101009_17:21,4.924486
20231206_500101009_17:22,4.979205
20231206_500101009_17:23,5.017793
20231206_500101009_17:24,5.126890
20231206_500101009_17:25,5.187699
20231206_500101009_17:26,5.209980
20231206_500101009_17:27,5.301919
20231206_500101009_17:28,5.354350
20231206_500101009_17:29,5.490775
20231206_500101009_17:31,5.798012
20231206_500101009_17:32,5.927882
20231206_500101009_17:34,8.683433
20231206_500101009_17:35,8.944564
20231206_500101009_17:36,9.230838
20231206_500101009_17:37,9.391174
20231206_500101009_17:38,9.418262
20231206_500101009_17:39,9.402619
20231206_500101009_17:41,9.495973
20231206_500101009_17:42,9.592793
20231206_500101009_17:43,9.633722
20231206_500101009_17:45,9.571331
20231206_500101009_17:46,9.623625
20231206_500101009_17:47,9.792639
20231206_500101009_17:48,10.017175
20231206_500101009_17:49,10.192043
20231206_500101009_17:51,10.241124
20231206_500101009_17:52,10.239556
20231206_500101009_17:53,10.320113
20231206_500101009_17:54,10.470284
20231206_500101009_17:55,10.598516
20231206_500101009_17:56,10.670016
20231206_500101009_17:57,10.710734
20231206_500101009_17:58,10.793208
20231206_500101009_17:59,10.973321
20231206_500101009_18:01,11.485349
20231206_500101009_18:03,11.694589
20231206_500101009_18:04,11.692137
20231206_500101009_18:05,11.711823
20231206_500101009_18:06,11.793407
20231206_500101009_18:07,11.891357
20231206_500101009_18:08,11.943123
20231206_500101009_18:09,11.931813
20231206_500101009_18:10,11.910040
20231206_500101009_18:11,11.955760
20231206_500101009_18:12,12.099858
20231206_500101009_18:13,12.292347
20231206_500101009_18:14,9.394274
20231206_500101009_18:15,9.331238
20231206_500101009_18:16,9.306480
20231206_500101009_18:17,9.255095
20231206_500101009_18:18,9.205897
20231206_500101009_18:19,9.227914
20231206_500101009_18:21,9.421985
20231206_500101009_18:22,9.521909
20231206_500101009_18:23,9.617201
20231206_500101009_18:24,9.737472
20231206_500101009_18:25,9.808043
20231206_500101009_18:26,9.994142
20231206_500101009_18:27,10.149151
20231206_500101009_18:28,10.227777
20231206_500101009_18:29,10.229753
20231206_500101009_18:31,10.194640
20231206_500101009_18:32,10.233755
20231206_500101009_18:33,10.296067
20231206_500101009_18:34,15.010388
20231206_500101009_18:35,14.943938
20231206_500101009_18:36,14.915042
20231206_500101009_18:37,14.964775
20231206_500101009_18:38,15.118092
20231206_500101009_18:39,15.312998
20231206_500101009_18:40,15.430662
20231206_500101009_18:41,15.524699
20231206_500101009_18:42,15.519073
20231206_500101009_18:43,15.478078
20231206_500101009_18:44,15.474323
20231206_500101009_18:45,15.460604
20231206_500101009_18:46,15.589365
20231206_500101009_18:47,15.707127
20231206_500101009_18:48,15.789158
20231206_500101009_18:49,15.871916
20231206_500101009_18:50,16.000000
20231206_500101009_18:51,16.000000
20231206_500101009_18:52,16.000000
20231206_500101009_18:53,16.000000
20231206_500101009_18:54,16.000000
20231206_500101009_18:55,16.000000
20231206_500101009_18:56,16.000000
20231206_500101009_18:57,16.000000
20231206_500101009_18:58,16.000000
20231206_500101009_18:59,16.000000
20231206_500101009_19:01,16.000000
20231206_500101009_19:02,16.000000
20231206_500101009_19:03,16.000000
20231206_500101009_19:04,16.000000
20231206_500101009_19:05,16.000000
20231206_500101009_19:06,16.000000
20231206_500101009_19:07,16.000000
20231206_500101009_19:08,16.000000
20231206_500101009_19:09,16.000000
20231206_500101009_19:10,16.000000
20231206_500101009_19:11,16.000000
20231206_500101009_19:12,16.000000
20231206_500101009_19:14,16.000000
20231206_500101009_19:16,16.000000
20231206_500101009_19:17,16.000000
20231206_500101009_19:18,16.000000
20231206_500101009_19:19,16.000000
20231206_500101009_19:21,16.000000
20231206_500101009_19:22,16.000000
20231206_500101009_19:23,16.000000
20231206_500101009_19:25,16.000000
20231206_500101009_19:26,16.000000
20231206_500101009_19:27,16.000000
20231206_500101009_19:28,16.000000
20231206_500101009_19:29,16.000000
20231206_500101009_19:31,16.000000
20231206_500101009_19:32,16.000000
20231206_500101009_19:33,16.000000
20231206_500101009_19:34,16.000000
20231206_500101009_19:35,16.000000
20231206_500101009_19:36,15.985466
20231206_500101009_19:37,15.995439
20231206_500101009_19:38,15.984183
20231206_500101009_19:39,15.944004
20231206_500101009_19:40,15.920780
20231206_500101009_19:41,15.959204
20231206_500101009_19:42,16.000000
20231206_500101009_19:43,16.000000
20231206_500101009_19:44,16.000000
20231206_500101009_19:45,15.882403
20231206_500101009_19:46,15.612003
20231206_500101009_19:48,15.269623
20231206_500101009_19:49,15.179246
20231206_500101009_19:50,15.059554
20231206_500101009_19:51,14.975031
20231206_500101009_19:52,14.876743
20231206_500101009_19:53,14.806931
20231206_500101009_19:54,14.779481
20231206_500101009_19:55,14.845355
20231206_500101009_19:57,14.672606
20231206_500101009_19:59,14.315958
20231206_500101009_20:01,14.122682
20231206_500101009_20:02,14.086159
20231206_500101009_20:03,14.055635
20231206_500101009_20:04,14.025563
20231206_500101009_20:05,14.011353
20231206_500101009_20:07,14.080435
20231206_500101009_20:08,14.044527
20231206_500101009_20:09,13.907810
20231206_500101009_20:10,13.667177
20231206_500101009_20:11,13.408068
20231206_500101009_20:12,13.174131
20231206_500101009_20:13,13.057088
20231206_500101009_20:14,12.995555
20231206_500101009_20:15,12.940194
20231206_500101009_20:16,12.852217
20231206_500101009_20:17,12.734844
20231206_500101009_20:18,12.641575
20231206_500101009_20:19,12.604666
20231206_500101009_20:21,12.499969
20231206_500101009_20:22,12.310986
20231206_500101009_20:23,12.051815
20231206_500101009_20:24,11.820671
20231206_500101009_20:25,11.704460
20231206_500101009_20:26,11.713865
20231206_500101009_20:27,11.783127
20231206_500101009_20:28,11.832156
20231206_500101009_20:29,11.833275
20231206_500101009_20:31,11.848822
20231206_500101009_20:32,11.910167
20231206_500101009_20:33,11.942195
20231206_500101009_20:34,11.870081
20231206_500101009_20:35,11.678022
20231206_500101009_20:36,11.459129
20231206_500101009_20:37,11.316091
20231206_500101009_20:38,11.238632
20231206_500101009_20:39,11.219577
20231206_500101009_20:40,11.211145
20231206_500101009_20:41,11.173491
20231206_500101009_20:42,11.098089
20231206_500101009_20:43,11.032030
20231206_500101009_20:44,10.977293
20231206_500101009_20:45,10.943377
20231206_500101009_20:46,10.872320
20231206_500101009_20:47,10.744593
20231206_500101009_20:48,10.538639
20231206_500101009_20:49,10.314953
20231206_500101009_20:50,10.158863
20231206_500101009_20:51,10.115196
20231206_500101009_20:52,10.155407
20231206_500101009_20:53,10.205072
20231206_500101009_20:54,10.205683
20231206_500101009_20:55,10.155128
20231206_500101009_20:57,10.058418
20231206_500101009_20:58,10.025628
20231206_500101009_20:59,9.961994
20231206_500101009_21:01,9.620262
20231206_500101009_21:02,9.381571
20231206_500101009_21:03,9.173222
20231206_500101009_21:04,9.028236
20231206_500101009_21:05,8.938145
20231206_500101009_21:06,8.836048
20231206_500101009_21:07,8.695700
20231206_500101009_21:08,8.535934
20231206_500101009_21:09,8.352283
20231206_500101009_21:10,8.210629
20231206_500101009_21:11,8.087539
20231206_500101009_21:12,7.946288
20231206_500101009_21:13,7.808420
20231206_500101009_21:15,7.470317
20231206_500101009_21:16,7.365913
20231206_500101009_21:17,7.337289
20231206_500101009_21:18,7.370266
20231206_500101009_21:19,7.419502
20231206_500101009_21:21,7.435538
20231206_500101009_21:22,7.462519
20231206_500101009_21:23,7.497599
20231206_500101009_21:24,7.514825
20231206_500101009_21:25,7.487813
20231206_500101009_21:26,7.442549
20231206_500101009_21:27,7.319251
20231206_500101009_21:28,7.165454
20231206_500101009_21:29,7.055258
20231206_500101009_21:30,7.030605
20231206_500101009_21:31,7.067247
20231206_500101009_21:32,7.095573
20231206_500101009_21:33,7.057944
20231206_500101009_21:34,6.952083
20231206_500101009_21:35,6.628202
20231206_500101009_21:36,6.522566
20231206_500101009_21:37,6.456332
20231206_500101009_21:38,6.350638
20231206_500101009_21:39,6.190837
20231206_500101009_21:40,6.029184
20231206_500101009_21:41,5.909514
20231206_500101009_21:42,5.894637
20231206_500101009_21:43,5.960131
20231206_500101009_21:44,6.080221
20231206_500101009_21:45,6.082139
20231206_500101009_21:46,6.135983
20231206_500101009_21:47,6.142030
20231206_500101009_21:48,6.131053
20231206_500101009_21:49,6.118996
20231206_500101009_21:50,6.086649
20231206_500101009_21:51,5.990988
20231206_500101009_21:52,5.813107
20231206_500101009_21:53,5.596004
20231206_500101009_21:54,5.414586
20231206_500101009_21:55,5.319027
20231206_500101009_21:56,5.366670
20231206_500101009_21:57,5.431597
20231206_500101009_21:58,5.387685
20231206_500101009_21:59,5.217614
20231206_500101009_22:01,4.900601
20231206_500101009_22:02,4.937222
20231206_500101009_22:03,4.970384
20231206_500101009_22:04,4.883229
20231206_500101009_22:05,4.680972
20231206_500101009_22:06,4.477005
20231206_500101009_22:07,4.430732
20231206_500101009_22:08,4.585544
20231206_500101009_22:09,4.836784
20231206_500101009_22:10,5.021589
20231206_500101009_22:11,5.056394
20231206_500101009_22:12,5.024727
20231206_500101009_22:13,5.086001
20231206_500101009_22:14,5.194596
20231206_500101009_22:15,5.422493
20231206_500101009_22:16,5.426372
20231206_500101009_22:17,5.272689
20231206_500101009_22:18,5.046039
20231206_500101009_22:19,4.936350
20231206_500101009_22:21,5.051566
20231206_500101009_22:22,5.098919
20231206_500101009_22:23,5.058980
20231206_500101009_22:24,5.003597
20231206_500101009_22:25,4.903301
20231206_500101009_22:26,4.930367
20231206_500101009_22:27,4.935750
20231206_500101009_22:28,4.868830
20231206_500101009_22:29,4.759229
20231206_500101009_22:30,4.676832
20231206_500101009_22:31,4.664434
20231206_500101009_22:32,4.713051
20231206_500101009_22:34,4.810337
20231206_500101009_22:35,4.878516
20231206_500101009_22:36,4.904443
20231206_500101009_22:38,5.066910
20231206_500101009_22:39,5.131273
20231206_500101009_22:41,5.021801
20231206_500101009_22:42,4.899333
20231206_500101009_22:43,4.810656
20231206_500101009_22:45,4.759224
20231206_500101009_22:46,4.723760
20231206_500101009_22:47,4.661277
20231206_500101009_22:48,4.585417
20231206_500101009_22:49,4.540297
20231206_500101009_22:51,4.557945
20231206_500101009_22:52,4.532832
20231206_500101009_22:53,4.438400
20231206_500101009_22:55,4.138846
20231206_500101009_22:56,4.097211
20231206_500101009_22:57,4.126173
20231206_500101009_22:58,4.180702
20231206_500101009_22:59,4.217080
20231206_500101009_23:01,4.297712
20231206_500101009_23:03,4.441507
20231206_500101009_23:05,4.524318
20231206_500101009_23:06,4.479094
20231206_500101009_23:07,4.384055
20231206_500101009_23:08,4.306096
20231206_500101009_23:09,4.329666
20231206_500101009_23:11,4.346695
20231206_500101009_23:12,4.329290
20231206_500101009_23:13,4.387232
20231206_500101009_23:14,4.434697
20231206_500101009_23:15,4.477571
20231206_500101009_23:16,4.477576
20231206_500101009_23:17,4.447948
20231206_500101009_23:18,4.413051
20231206_500101009_23:19,4.330024
20231206_500101009_23:21,4.245023
20231206_500101009_23:22,4.305202
20231206_500101009_23:23,4.427004
20231206_500101009_23:25,4.625564
20231206_500101009_23:26,4.737944
20231206_500101009_23:27,4.851385
20231206_500101009_23:28,4.952033
20231206_500101009_23:29,4.979539
20231206_500101009_23:31,4.743085
20231206_500101009_23:32,4.590053
20231206_500101009_23:33,4.519910
20231206_500101009_23:34,4.501386
20231206_500101009_23:35,4.534554
20231206_500101009_23:36,4.557561
20231206_500101009_23:37,4.574666
20231206_500101009_23:38,4.576149
20231206_500101009_23:39,4.579424
20231206_500101009_23:41,4.702430
20231206_500101009_23:42,4.772891
20231206_500101009_23:44,4.730632
20231206_500101009_23:45,4.751528
20231206_500101009_23:47,4.795010
20231206_500101009_23:48,4.933231
20231206_500101009_23:49,5.197306
20231207_500101009_00:00,5.465976
20231207_500101009_00:02,5.524043
20231207_500101009_00:03,5.513223
20231207_500101009_00:04,5.445970
20231207_500101009_00:05,5.320798
20231207_500101009_00:06,5.199800
20231207_500101009_00:07,5.220832
20231207_500101009_00:08,5.306046
20231207_500101009_00:09,5.408642
20231207_500101009_00:11,5.465537
20231207_500101009_00:12,5.327569
20231207_500101009_00:13,5.229998
20231207_500101009_00:14,5.177565
20231207_500101009_00:15,5.148997
20231207_500101009_00:16,5.200947
20231207_500101009_00:17,5.168816
20231207_500101009_00:18,5.044461
20231207_500101009_00:19,4.950933
20231207_500101009_00:22,5.426972
20231207_500101009_00:23,5.577790
20231207_500101009_00:24,5.580493
20231207_500101009_00:25,5.581526
20231207_500101009_00:26,5.543026
20231207_500101009_00:27,5.606081
20231207_500101009_00:28,5.716442
20231207_500101009_00:29,5.759244
20231207_500101009_00:30,5.671998
20231207_500101009_00:31,5.533339
20231207_500101009_00:32,5.480087
20231207_500101009_00:33,5.497002
20231207_500101009_00:34,5.604528
20231207_500101009_00:35,5.690110
20231207_500101009_00:36,5.656306
20231207_500101009_00:37,5.506875
20231207_500101009_00:38,5.341030
20231207_500101009_00:39,5.315452
20231207_500101009_00:40,5.351252
20231207_500101009_00:41,5.365355
20231207_500101009_00:42,5.303660
20231207_500101009_00:43,5.193509
20231207_500101009_00:44,5.143233
20231207_500101009_00:45,5.172281
20231207_500101009_00:46,5.220810
20231207_500101009_00:47,5.355558
20231207_500101009_00:48,5.417746
20231207_500101009_00:49,5.307802
20231207_500101009_00:50,5.192559
20231207_500101009_00:51,5.122753
20231207_500101009_00:52,5.122037
20231207_500101009_00:53,5.142149
20231207_500101009_00:54,5.094394
20231207_500101009_00:55,4.985277
20231207_500101009_00:56,4.872744
20231207_500101009_00:57,4.793327
20231207_500101009_00:58,4.797027
20231207_500101009_00:59,4.865335
20231207_500101009_01:00,4.967671
20231207_500101009_01:01,4.926067
20231207_500101009_01:02,4.756926
20231207_500101009_01:03,4.624181
20231207_500101009_01:04,4.572594
20231207_500101009_01:05,4.542904
20231207_500101009_01:06,4.601201
20231207_500101009_01:07,4.589370
20231207_500101009_01:08,4.462266
20231207_500101009_01:09,4.360871
20231207_500101009_01:10,4.367614
20231207_500101009_01:11,4.458472
20231207_500101009_01:12,4.646637
20231207_500101009_01:13,4.750910
20231207_500101009_01:14,4.696243
20231207_500101009_01:15,4.549033
20231207_500101009_01:16,4.461422
20231207_500101009_01:17,4.505840
20231207_500101009_01:18,4.630123
20231207_500101009_01:19,4.702884
20231207_500101009_01:21,4.516623
20231207_500101009_01:22,4.444004
20231207_500101009_01:23,4.441416
20231207_500101009_01:24,4.541563
20231207_500101009_01:25,4.676052
20231207_500101009_01:26,4.656131
20231207_500101009_01:27,4.494271
20231207_500101009_01:28,4.363971
20231207_500101009_01:29,4.340553
20231207_500101009_01:30,4.386627
20231207_500101009_01:31,4.438626
20231207_500101009_01:32,4.431814
20231207_500101009_01:33,4.364638
20231207_500101009_01:34,4.303082
20231207_500101009_01:35,4.236018
20231207_500101009_01:36,4.365262
20231207_500101009_01:37,4.532323
20231207_500101009_01:38,4.609885
20231207_500101009_01:39,4.615167
20231207_500101009_01:40,4.619444
20231207_500101009_01:42,4.662183
20231207_500101009_01:43,4.703736
20231207_500101009_01:44,4.767667
20231207_500101009_01:45,4.843046
20231207_500101009_01:46,4.785697
20231207_500101009_01:47,4.788129
20231207_500101009_01:48,4.837994
20231207_500101009_01:49,4.919084
20231207_500101009_01:51,5.043565
20231207_500101009_01:52,5.038610
20231207_500101009_01:53,4.991264
20231207_500101009_01:54,4.966544
20231207_500101009_01:55,4.975353
20231207_500101009_01:56,4.972452
20231207_500101009_01:57,4.974962
20231207_500101009_01:58,4.981493
20231207_500101009_01:59,4.970791
20231207_500101009_02:01,5.022806
20231207_500101009_02:02,5.072983
20231207_500101009_02:04,5.183867
20231207_500101009_02:05,5.158694
20231207_500101009_02:06,5.161500
20231207_500101009_02:07,5.177746
20231207_500101009_02:08,5.242619
20231207_500101009_02:09,5.403415
20231207_500101009_02:10,5.526884
20231207_500101009_02:12,5.551308
20231207_500101009_02:13,5.558643
20231207_500101009_02:14,5.624166
20231207_500101009_02:16,5.842023
20231207_500101009_02:17,5.807312
20231207_500101009_02:18,5.728110
20231207_500101009_02:19,5.713135
20231207_500101009_02:22,5.795441
20231207_500101009_02:23,5.774327
20231207_500101009_02:24,5.744374
20231207_500101009_02:25,5.751762
20231207_500101009_02:26,5.859150
20231207_500101009_02:27,5.979348
20231207_500101009_02:28,6.042668
20231207_500101009_02:29,6.024635
20231207_500101009_02:30,5.965718
20231207_500101009_02:32,5.939048
20231207_500101009_02:33,5.984568
20231207_500101009_02:34,6.063240
20231207_500101009_02:35,6.052817
20231207_500101009_02:36,6.054615
20231207_500101009_02:37,6.075567
20231207_500101009_02:38,6.105526
20231207_500101009_02:39,6.159676
20231207_500101009_02:41,6.319363
20231207_500101009_02:42,6.266406
20231207_500101009_02:43,6.143871
20231207_500101009_02:44,6.030482
20231207_500101009_02:45,5.958395
20231207_500101009_02:46,5.952040
20231207_500101009_02:47,5.923830
20231207_500101009_02:48,5.856877
20231207_500101009_02:49,5.768098
20231207_500101009_02:51,5.772824
20231207_500101009_02:52,5.889776
20231207_500101009_02:53,6.022458
20231207_500101009_02:54,6.087150
20231207_500101009_02:55,6.074805
20231207_500101009_02:56,6.061331
20231207_500101009_02:57,6.091299
20231207_500101009_02:59,6.273514
20231207_500101009_03:00,6.388196
20231207_500101009_03:01,6.472153
20231207_500101009_03:02,6.522248
20231207_500101009_03:03,6.567482
20231207_500101009_03:05,6.603170
20231207_500101009_03:06,6.654520
20231207_500101009_03:08,6.664051
20231207_500101009_03:09,6.642605
20231207_500101009_03:10,6.657264
20231207_500101009_03:12,6.682112
20231207_500101009_03:14,6.777052
20231207_500101009_03:15,6.828557
20231207_500101009_03:16,6.963406
20231207_500101009_03:17,7.055310
20231207_500101009_03:18,7.139044
20231207_500101009_03:19,7.238242
20231207_500101009_03:22,7.498862
20231207_500101009_03:24,7.546703
20231207_500101009_03:25,7.623177
20231207_500101009_03:26,7.648710
20231207_500101009_03:27,7.650553
20231207_500101009_03:28,7.731652
20231207_500101009_03:29,7.854875
20231207_500101009_03:31,8.200143
20231207_500101009_03:32,8.288817
20231207_500101009_03:33,8.280727
20231207_500101009_03:35,8.284312
20231207_500101009_03:37,8.440467
20231207_500101009_03:39,8.416271
20231207_500101009_03:40,8.365940
20231207_500101009_03:42,8.508166
20231207_500101009_03:43,8.650286
20231207_500101009_03:44,8.753227
20231207_500101009_03:45,8.811977
20231207_500101009_03:46,8.732035
20231207_500101009_03:47,8.662978
20231207_500101009_03:48,8.667974
20231207_500101009_03:49,8.695890
20231207_500101009_03:50,8.706387
20231207_500101009_03:52,8.536116
20231207_500101009_03:53,8.498580
20231207_500101009_03:54,8.533258
20231207_500101009_03:55,8.508669
20231207_500101009_03:56,8.597633
20231207_500101009_03:57,8.597973
20231207_500101009_03:58,8.500016
20231207_500101009_03:59,8.436255
20231207_500101009_04:00,8.409627
20231207_500101009_04:02,8.364214
20231207_500101009_04:04,8.252275
20231207_500101009_04:05,8.247818
20231207_500101009_04:06,8.270601
20231207_500101009_04:07,8.320951
20231207_500101009_04:08,8.399826
20231207_500101009_04:09,8.474380
20231207_500101009_04:10,8.462315
20231207_500101009_04:11,8.408853
20231207_500101009_04:12,8.390976
20231207_500101009_04:13,8.399437
20231207_500101009_04:14,8.385056
20231207_500101009_04:15,8.408715
20231207_500101009_04:16,8.374392
20231207_500101009_04:17,8.348251
20231207_500101009_04:18,8.331058
20231207_500101009_04:19,8.323925
20231207_500101009_04:21,8.432390
20231207_500101009_04:22,8.445164
20231207_500101009_04:23,8.424823
20231207_500101009_04:24,8.397388
20231207_500101009_04:25,8.298226
20231207_500101009_04:26,8.363959
20231207_500101009_04:27,8.397890
20231207_500101009_04:28,8.395123
20231207_500101009_04:29,8.386432
20231207_500101009_04:30,8.351244
20231207_500101009_04:31,8.323242
20231207_500101009_04:32,8.334626
20231207_500101009_04:33,8.403168
20231207_500101009_04:34,8.477086
20231207_500101009_04:35,8.595935
20231207_500101009_04:36,8.709541
20231207_500101009_04:37,8.826454
20231207_500101009_04:38,8.909172
20231207_500101009_04:39,8.940863
20231207_500101009_04:40,8.913534
20231207_500101009_04:41,8.846766
20231207_500101009_04:42,8.774712
20231207_500101009_04:43,8.723611
20231207_500101009_04:44,8.698414
20231207_500101009_04:45,8.588238
20231207_500101009_04:46,8.578158
20231207_500101009_04:47,8.564260
20231207_500101009_04:48,8.559678
20231207_500101009_04:49,8.590524
20231207_500101009_04:50,8.613585
20231207_500101009_04:51,8.599900
20231207_500101009_04:52,8.573388
20231207_500101009_04:53,8.539522
20231207_500101009_04:54,8.473232
20231207_500101009_04:55,8.509890
20231207_500101009_04:56,8.502737
20231207_500101009_04:57,8.587605
20231207_500101009_04:58,8.690257
20231207_500101009_04:59,8.786905
20231207_500101009_05:00,8.851685
20231207_500101009_05:01,8.908823
20231207_500101009_05:02,8.952238
20231207_500101009_05:03,9.024656
20231207_500101009_05:04,9.094872
20231207_500101009_05:05,9.128581
20231207_500101009_05:06,9.056786
20231207_500101009_05:07,8.973373
20231207_500101009_05:08,8.941259
20231207_500101009_05:09,8.974159
20231207_500101009_05:10,9.062376
20231207_500101009_05:11,9.142742
20231207_500101009_05:12,9.170914
20231207_500101009_05:13,9.153582
20231207_500101009_05:14,9.121765
20231207_500101009_05:15,9.122124
20231207_500101009_05:16,9.144682
20231207_500101009_05:17,9.148307
20231207_500101009_05:18,9.100609
20231207_500101009_05:19,9.013973
20231207_500101009_05:21,8.912024
20231207_500101009_05:23,9.044453
20231207_500101009_05:24,9.118166
20231207_500101009_05:25,9.156161
20231207_500101009_05:26,9.128450
20231207_500101009_05:28,9.142307
20231207_500101009_05:29,9.214066
20231207_500101009_05:31,9.219738
20231207_500101009_05:32,9.149639
20231207_500101009_05:33,9.102327
20231207_500101009_05:34,9.124706
20231207_500101009_05:35,9.131647
20231207_500101009_05:37,9.215054
20231207_500101009_05:38,9.149912
20231207_500101009_05:39,9.065119
20231207_500101009_05:41,9.066706
20231207_500101009_05:42,9.054810
20231207_500101009_05:43,9.010649
20231207_500101009_05:44,8.964165
20231207_500101009_05:45,8.990049
20231207_500101009_05:46,8.975895
20231207_500101009_05:47,9.007726
20231207_500101009_05:48,9.101750
20231207_500101009_05:49,9.188555
20231207_500101009_05:51,9.249754
20231207_500101009_05:53,9.311724
20231207_500101009_05:54,9.309723
20231207_500101009_05:55,9.203722
20231207_500101009_05:56,9.148587
20231207_500101009_05:57,9.085098
20231207_500101009_05:58,9.065048
20231207_500101009_05:59,9.072910
20231207_500101009_06:01,9.084414
20231207_500101009_06:02,9.043839
20231207_500101009_06:03,8.974897
20231207_500101009_06:04,8.897185
20231207_500101009_06:05,8.815708
20231207_500101009_06:07,8.630535
20231207_500101009_06:08,8.507952
20231207_500101009_06:09,8.399799
20231207_500101009_06:11,8.280540
20231207_500101009_06:12,8.287757
20231207_500101009_06:13,8.315187
20231207_500101009_06:14,8.353393
20231207_500101009_06:15,8.339420
20231207_500101009_06:16,8.367239
20231207_500101009_06:17,8.423784
20231207_500101009_06:18,8.489468
20231207_500101009_06:19,8.539156
20231207_500101009_06:21,8.512774
20231207_500101009_06:22,8.462961
20231207_500101009_06:23,8.439449
20231207_500101009_06:25,8.496724
20231207_500101009_06:26,8.511947
20231207_500101009_06:27,8.524929
20231207_500101009_06:28,8.508101
20231207_500101009_06:29,8.469952
20231207_500101009_06:31,8.456816
20231207_500101009_06:32,8.439980
20231207_500101009_06:33,8.377943
20231207_500101009_06:35,8.308994
20231207_500101009_06:36,8.328940
20231207_500101009_06:37,8.375031
20231207_500101009_06:38,8.402113
20231207_500101009_06:39,8.414827
20231207_500101009_06:41,8.488883
20231207_500101009_06:42,8.553400
20231207_500101009_06:43,8.587414
20231207_500101009_06:44,8.602243
20231207_500101009_06:45,8.574869
20231207_500101009_06:46,8.544563
20231207_500101009_06:47,8.505899
20231207_500101009_06:49,8.490289
20231207_500101009_06:51,8.536194
20231207_500101009_06:52,8.632259
20231207_500101009_06:53,8.663698
20231207_500101009_06:54,8.626472
20231207_500101009_06:55,8.562713
20231207_500101009_06:56,8.520292
20231207_500101009_06:57,8.509184
20231207_500101009_06:59,8.439991
20231207_500101009_07:01,8.237277
20231207_500101009_07:02,8.145618
20231207_500101009_07:03,8.115003
20231207_500101009_07:04,8.127089
20231207_500101009_07:05,8.132602
20231207_500101009_07:06,8.073314
20231207_500101009_07:07,7.956718
20231207_500101009_07:08,7.827148
20231207_500101009_07:09,7.730050
20231207_500101009_07:10,7.671378
20231207_500101009_07:11,7.615242
20231207_500101009_07:12,7.521192
20231207_500101009_07:13,7.385688
20231207_500101009_07:14,7.244311
20231207_500101009_07:15,7.183353
20231207_500101009_07:16,7.133400
20231207_500101009_07:17,7.079426
20231207_500101009_07:18,6.990924
20231207_500101009_07:19,6.862523
20231207_500101009_07:21,6.567665
20231207_500101009_07:22,6.416712
20231207_500101009_07:24,6.117872
20231207_500101009_07:25,6.029545
20231207_500101009_07:26,5.910996
20231207_500101009_07:27,5.812315
20231207_500101009_07:28,5.698664
20231207_500101009_07:29,5.603726
20231207_500101009_07:31,5.518062
20231207_500101009_07:32,5.451325
20231207_500101009_07:33,5.392851
20231207_500101009_07:35,5.155124
20231207_500101009_07:36,5.046857
20231207_500101009_07:37,4.922340
20231207_500101009_07:38,4.749397
20231207_500101009_07:39,4.573807
20231207_500101009_07:40,4.405106
20231207_500101009_07:41,4.267694
20231207_500101009_07:42,4.161675
20231207_500101009_07:43,4.052151
20231207_500101009_07:44,3.901201
20231207_500101009_07:45,3.693875
20231207_500101009_07:46,3.472326
20231207_500101009_07:47,3.268625
20231207_500101009_07:48,3.098678
20231207_500101009_07:49,2.944041
20231207_500101009_07:50,2.773053
20231207_500101009_07:51,2.580697
20231207_500101009_07:52,2.392302
20231207_500101009_07:53,2.211598
20231207_500101009_07:54,2.079210
20231207_500101009_07:55,2.044847
20231207_500101009_07:56,1.992486
20231207_500101009_07:57,1.909687
20231207_500101009_07:58,1.819262
20231207_500101009_07:59,1.710507
20231207_500101009_08:01,2.173318
20231207_500101009_08:03,2.056094
20231207_500101009_08:04,2.014230
20231207_500101009_08:05,1.966788
20231207_500101009_08:06,1.907135
20231207_500101009_08:07,1.832287
20231207_500101009_08:08,1.772200
20231207_500101009_08:09,1.740943
20231207_500101009_08:10,1.723923
20231207_500101009_08:11,1.716691
20231207_500101009_08:12,1.668638
20231207_500101009_08:13,1.567361
20231207_500101009_08:14,1.481886
20231207_500101009_08:15,1.678392
20231207_500101009_08:16,1.694413
20231207_500101009_08:17,1.742269
20231207_500101009_08:18,1.686735
20231207_500101009_08:19,1.569772
20231207_500101009_08:21,1.575861
20231207_500101009_08:22,1.596151
20231207_500101009_08:23,1.646965
20231207_500101009_08:24,1.659913
20231207_500101009_08:25,1.772663
20231207_500101009_08:26,1.710093
20231207_500101009_08:27,1.639346
20231207_500101009_08:28,1.575376
20231207_500101009_08:29,1.567743
20231207_500101009_08:31,1.538732
20231207_500101009_08:32,1.385778
20231207_500101009_08:33,1.352208
20231207_500101009_08:34,1.357709
20231207_500101009_08:35,1.290234
20231207_500101009_08:36,1.342681
20231207_500101009_08:37,1.262714
20231207_500101009_08:38,1.071397
20231207_500101009_08:39,0.909844
20231207_500101009_08:40,0.843757
20231207_500101009_08:41,0.869914
20231207_500101009_08:42,0.920172
20231207_500101009_08:43,0.896045
20231207_500101009_08:44,0.832421
20231207_500101009_08:45,0.860796
20231207_500101009_08:46,0.847874
20231207_500101009_08:47,0.881395
20231207_500101009_08:48,0.943441
20231207_500101009_08:49,0.942065
20231207_500101009_08:50,0.844215
20231207_500101009_08:51,0.701977
20231207_500101009_08:52,0.642368
20231207_500101009_08:53,0.658403
20231207_500101009_08:54,0.734444
20231207_500101009_08:56,0.935531
20231207_500101009_08:57,0.901351
20231207_500101009_08:58,0.890108
20231207_500101009_08:59,0.915155
20231207_500101009_09:01,0.908603
20231207_500101009_09:02,0.842729
20231207_500101009_09:03,0.742796
20231207_500101009_09:04,0.644271
20231207_500101009_09:05,0.792974
20231207_500101009_09:06,0.818135
20231207_500101009_09:07,0.848574
20231207_500101009_09:08,0.830823
20231207_500101009_09:09,0.751318
20231207_500101009_09:10,0.646644
20231207_500101009_09:11,0.575426
20231207_500101009_09:12,0.590927
20231207_500101009_09:13,0.638382
20231207_500101009_09:14,0.658632
20231207_500101009_09:15,0.827491
20231207_500101009_09:16,0.794287
20231207_500101009_09:17,0.790219
20231207_500101009_09:18,0.839781
20231207_500101009_09:19,0.929269
20231207_500101009_09:21,1.008417
20231207_500101009_09:22,0.965018
20231207_500101009_09:23,0.924324
20231207_500101009_09:24,0.904178
20231207_500101009_09:26,1.044872
20231207_500101009_09:27,0.961429
20231207_500101009_09:28,0.856798
20231207_500101009_09:29,0.769948
20231207_500101009_09:31,0.676474
20231207_500101009_09:32,0.687489
20231207_500101009_09:33,0.694796
20231207_500101009_09:35,0.606463
20231207_500101009_09:36,0.599586
20231207_500101009_09:38,0.628573
20231207_500101009_09:39,0.688570
20231207_500101009_09:40,0.652984
20231207_500101009_09:41,0.555767
20231207_500101009_09:43,0.510556
20231207_500101009_09:44,0.565893
20231207_500101009_09:46,0.965699
20231207_500101009_09:47,0.925129
20231207_500101009_09:48,0.909435
20231207_500101009_09:49,0.896134
20231207_500101009_09:50,0.872149
20231207_500101009_09:52,0.782114
20231207_500101009_09:53,0.712324
20231207_500101009_09:55,0.832531
20231207_500101009_09:57,0.854983
20231207_500101009_09:58,0.870421
20231207_500101009_09:59,0.854605
20231207_500101009_10:03,0.856362
20231207_500101009_10:05,0.538086
20231207_500101009_10:06,0.473962
20231207_500101009_10:07,0.394454
20231207_500101009_10:09,0.417809
20231207_500101009_10:10,0.521295
20231207_500101009_10:11,0.607825
20231207_500101009_10:12,0.630116
20231207_500101009_10:13,0.589818
20231207_500101009_10:15,1.195946
20231207_500101009_10:16,1.208030
20231207_500101009_10:17,1.204725
20231207_500101009_10:19,1.071869
20231207_500101009_10:21,0.933487
20231207_500101009_10:22,0.946748
20231207_500101009_10:23,0.998002
20231207_500101009_10:25,1.025960
20231207_500101009_10:26,0.984061
20231207_500101009_10:27,0.934029
20231207_500101009_10:28,0.962370
20231207_500101009_10:29,1.033264
20231207_500101009_10:31,0.872623
20231207_500101009_10:32,0.724205
20231207_500101009_10:33,0.580212
20231207_500101009_10:35,0.599076
20231207_500101009_10:36,0.655301
20231207_500101009_10:37,0.633681
20231207_500101009_10:39,0.630245
20231207_500101009_10:40,0.705528
20231207_500101009_10:41,0.830922
20231207_500101009_10:42,0.870765
20231207_500101009_10:43,0.792790
20231207_500101009_10:45,1.009649
20231207_500101009_10:46,0.992200
20231207_500101009_10:47,1.089074
20231207_500101009_10:48,1.201227
20231207_500101009_10:49,1.240042
20231207_500101009_10:51,1.138138
20231207_500101009_10:52,1.177885
20231207_500101009_10:53,1.298682
20231207_500101009_10:55,0.803327
20231207_500101009_10:56,0.640237
20231207_500101009_10:57,0.441049
20231207_500101009_10:58,0.448947
20231207_500101009_10:59,0.587893
20231207_500101009_11:01,0.935290
20231207_500101009_11:02,1.002735
20231207_500101009_11:03,1.041416
20231207_500101009_11:04,1.144770
20231207_500101009_11:05,1.851330
20231207_500101009_11:06,2.075911
20231207_500101009_11:07,2.271708
20231207_500101009_11:08,2.299494
20231207_500101009_11:09,2.191515
20231207_500101009_11:11,2.157496
20231207_500101009_11:12,2.304335
20231207_500101009_11:13,2.488018
20231207_500101009_11:14,2.532058
20231207_500101009_11:15,2.067739
20231207_500101009_11:16,2.032270
20231207_500101009_11:17,2.090037
20231207_500101009_11:18,2.257708
20231207_500101009_11:19,2.457188
20231207_500101009_11:21,2.454738
20231207_500101009_11:22,2.370765
20231207_500101009_11:23,2.318552
20231207_500101009_11:24,2.357990
20231207_500101009_11:25,2.777055
20231207_500101009_11:26,2.863365
20231207_500101009_11:27,2.827521
20231207_500101009_11:28,2.753618
20231207_500101009_11:29,2.714353
20231207_500101009_11:31,2.927132
20231207_500101009_11:32,3.008206
20231207_500101009_11:33,3.008955
20231207_500101009_11:34,2.899391
20231207_500101009_11:35,2.751828
20231207_500101009_11:36,2.699846
20231207_500101009_11:37,2.778986
20231207_500101009_11:38,2.884407
20231207_500101009_11:39,2.897101
20231207_500101009_11:41,2.839390
20231207_500101009_11:42,2.942074
20231207_500101009_11:43,3.157241
20231207_500101009_11:44,3.408413
20231207_500101009_11:45,3.738008
20231207_500101009_11:46,3.810282
20231207_500101009_11:47,3.821264
20231207_500101009_11:48,3.866613
20231207_500101009_11:49,4.018754
20231207_500101009_11:50,4.251829
20231207_500101009_11:51,4.473037
20231207_500101009_11:52,4.623308
20231207_500101009_11:53,4.719951
20231207_500101009_11:54,4.814554
20231207_500101009_11:55,4.994436
20231207_500101009_11:56,5.271975
20231207_500101009_11:57,5.505533
20231207_500101009_11:58,5.629773
20231207_500101009_11:59,5.649835
20231207_500101009_12:01,5.630615
20231207_500101009_12:02,5.791949
20231207_500101009_12:03,6.040130
20231207_500101009_12:04,6.260926
20231207_500101009_12:05,6.536606
20231207_500101009_12:06,6.601672
20231207_500101009_12:07,6.714180
20231207_500101009_12:08,6.942059
20231207_500101009_12:09,7.242828
20231207_500101009_12:10,7.482963
20231207_500101009_12:11,7.556841
20231207_500101009_12:12,7.514648
20231207_500101009_12:13,7.475336
20231207_500101009_12:14,7.543204
20231207_500101009_12:15,7.175454
20231207_500101009_12:16,7.362339
20231207_500101009_12:17,7.430519
20231207_500101009_12:18,7.401984
20231207_500101009_12:19,7.375972
20231207_500101009_12:21,7.604398
20231207_500101009_12:22,7.768041
20231207_500101009_12:23,7.818111
20231207_500101009_12:24,7.701190
20231207_500101009_12:25,7.877510
20231207_500101009_12:26,7.778778
20231207_500101009_12:27,7.817069
20231207_500101009_12:28,7.919978
20231207_500101009_12:29,7.960890
20231207_500101009_12:31,7.779660
20231207_500101009_12:32,7.777189
20231207_500101009_12:33,7.901207
20231207_500101009_12:34,8.090957
20231207_500101009_12:35,8.220770
20231207_500101009_12:36,8.207788
20231207_500101009_12:37,8.083613
20231207_500101009_12:38,7.964795
20231207_500101009_12:39,7.949086
20231207_500101009_12:40,8.031645
20231207_500101009_12:41,8.116408
20231207_500101009_12:42,8.110145
20231207_500101009_12:43,8.011007
20231207_500101009_12:44,7.909252
20231207_500101009_12:45,7.720671
20231207_500101009_12:46,7.807433
20231207_500101009_12:47,7.892548
20231207_500101009_12:48,7.858170
20231207_500101009_12:49,7.670876
20231207_500101009_12:50,7.412352
20231207_500101009_12:51,7.206351
20231207_500101009_12:52,7.104052
20231207_500101009_12:53,7.084685
20231207_500101009_12:54,7.037644
20231207_500101009_12:55,7.450439
20231207_500101009_12:56,7.245559
20231207_500101009_12:57,7.091235
20231207_500101009_12:58,7.062884
20231207_500101009_12:59,7.122786
20231207_500101009_13:01,6.989150
20231207_500101009_13:02,6.721338
20231207_500101009_13:03,6.438990
20231207_500101009_13:04,6.261883
20231207_500101009_13:05,5.639350
20231207_500101009_13:06,5.574126
20231207_500101009_13:07,5.428075
20231207_500101009_13:08,5.185061
20231207_500101009_13:09,4.926884
20231207_500101009_13:10,4.757843
20231207_500101009_13:11,4.698256
20231207_500101009_13:12,4.661793
20231207_500101009_13:13,4.554657
20231207_500101009_13:14,4.311235
20231207_500101009_13:15,4.447486
20231207_500101009_13:16,4.134620
20231207_500101009_13:17,3.903230
20231207_500101009_13:18,3.794356
20231207_500101009_13:19,3.719307
20231207_500101009_13:21,3.363071
20231207_500101009_13:22,3.150220
20231207_500101009_13:23,2.979568
20231207_500101009_13:24,2.937403
20231207_500101009_13:25,2.932553
20231207_500101009_13:26,2.856913
20231207_500101009_13:27,2.666713
20231207_500101009_13:28,2.438986
20231207_500101009_13:29,2.284491
20231207_500101009_13:31,2.287290
20231207_500101009_13:32,2.289644
20231207_500101009_13:33,2.216418
20231207_500101009_13:34,2.123598
20231207_500101009_13:35,1.808603
20231207_500101009_13:36,1.813943
20231207_500101009_13:37,1.874438
20231207_500101009_13:38,1.889764
20231207_500101009_13:39,1.807002
20231207_500101009_13:40,1.630535
20231207_500101009_13:41,1.459913
20231207_500101009_13:42,1.396736
20231207_500101009_13:43,1.406816
20231207_500101009_13:44,1.452657
20231207_500101009_13:45,1.724013
20231207_500101009_13:46,1.621676
20231207_500101009_13:47,1.536697
20231207_500101009_13:48,1.572264
20231207_500101009_13:49,1.675306
20231207_500101009_13:50,1.764024
20231207_500101009_13:51,1.765457
20231207_500101009_13:52,1.691790
20231207_500101009_13:53,1.581758
20231207_500101009_13:54,1.532171
20231207_500101009_13:55,1.348089
20231207_500101009_13:56,1.396492
20231207_500101009_13:57,1.416679
20231207_500101009_13:58,1.354478
20231207_500101009_13:59,1.241404
20231207_500101009_14:01,1.260984
20231207_500101009_14:02,1.394774
20231207_500101009_14:03,1.482600
20231207_500101009_14:04,1.445169
20231207_500101009_14:05,1.230924
20231207_500101009_14:06,1.072094
20231207_500101009_14:07,0.983415
20231207_500101009_14:08,0.960648
20231207_500101009_14:09,0.982221
20231207_500101009_14:11,0.714696
20231207_500101009_14:12,0.598664
20231207_500101009_14:13,0.613752
20231207_500101009_14:14,0.737864
20231207_500101009_14:15,1.169121
20231207_500101009_14:16,1.220404
20231207_500101009_14:17,1.102111
20231207_500101009_14:18,0.925896
20231207_500101009_14:19,0.911627
20231207_500101009_14:21,1.128587
20231207_500101009_14:22,1.162183
20231207_500101009_14:23,1.095483
20231207_500101009_14:24,1.015304
20231207_500101009_14:25,0.953102
20231207_500101009_14:26,1.085456
20231207_500101009_14:27,1.246645
20231207_500101009_14:28,1.308491
20231207_500101009_14:29,1.216468
20231207_500101009_14:31,0.903818
20231207_500101009_14:32,0.892139
20231207_500101009_14:33,0.963766
20231207_500101009_14:34,1.005829
20231207_500101009_14:35,0.940024
20231207_500101009_14:36,0.882102
20231207_500101009_14:37,0.884302
20231207_500101009_14:38,1.023840
20231207_500101009_14:39,1.264400
20231207_500101009_14:41,1.552602
20231207_500101009_14:42,1.484653
20231207_500101009_14:43,1.430566
20231207_500101009_14:44,1.446319
20231207_500101009_14:45,1.530704
20231207_500101009_14:46,1.621999
20231207_500101009_14:47,1.642097
20231207_500101009_14:48,1.586210
20231207_500101009_14:49,1.535323
20231207_500101009_14:51,1.693796
20231207_500101009_14:52,1.818504
20231207_500101009_14:53,1.837385
20231207_500101009_14:54,1.715279
20231207_500101009_14:55,1.374862
20231207_500101009_14:56,1.216020
20231207_500101009_14:57,1.181395
20231207_500101009_14:58,1.196993
20231207_500101009_14:59,1.181989
20231207_500101009_15:01,1.042861
20231207_500101009_15:02,1.074430
20231207_500101009_15:03,1.221857
20231207_500101009_15:04,1.386965
20231207_500101009_15:05,1.562982
20231207_500101009_15:06,1.620196
20231207_500101009_15:07,1.559863
20231207_500101009_15:08,1.472692
20231207_500101009_15:09,1.468901
20231207_500101009_15:11,1.614780
20231207_500101009_15:12,1.624939
20231207_500101009_15:13,1.574976
20231207_500101009_15:14,1.552054
20231207_500101009_15:15,1.652868
20231207_500101009_15:16,1.758775
20231207_500101009_15:17,1.852095
20231207_500101009_15:18,1.932662
20231207_500101009_15:19,1.928095
20231207_500101009_15:21,1.857453
20231207_500101009_15:22,1.828396
20231207_500101009_15:23,1.778373
20231207_500101009_15:24,1.762887
20231207_500101009_15:25,1.621059
20231207_500101009_15:26,1.664479
20231207_500101009_15:27,1.797105
20231207_500101009_15:28,1.951003
20231207_500101009_15:29,2.084883
20231207_500101009_15:31,2.314968
20231207_500101009_15:32,2.353008
20231207_500101009_15:33,2.335749
20231207_500101009_15:34,2.328989
20231207_500101009_15:35,2.267601
20231207_500101009_15:36,2.224776
20231207_500101009_15:37,2.188866
20231207_500101009_15:38,2.132946
20231207_500101009_15:39,2.091168
20231207_500101009_15:41,2.137393
20231207_500101009_15:42,2.099112
20231207_500101009_15:43,2.121287
20231207_500101009_15:44,2.054644
20231207_500101009_15:45,1.910047
20231207_500101009_15:46,1.790477
20231207_500101009_15:47,1.729899
20231207_500101009_15:48,1.662075
20231207_500101009_15:49,1.656082
20231207_500101009_15:51,1.537066
20231207_500101009_15:52,1.463408
20231207_500101009_15:53,1.478700
20231207_500101009_15:54,1.634139
20231207_500101009_15:55,1.747369
20231207_500101009_15:56,1.892417
20231207_500101009_15:57,1.880197
20231207_500101009_15:58,1.799770
20231207_500101009_15:59,1.756048
20231207_500101009_16:01,1.938243
20231207_500101009_16:02,2.026151
20231207_500101009_16:03,1.996429
20231207_500101009_16:04,1.906299
20231207_500101009_16:05,1.908541
20231207_500101009_16:06,2.039262
20231207_500101009_16:07,2.202150
20231207_500101009_16:08,2.345412
20231207_500101009_16:09,2.336358
20231207_500101009_16:11,2.011758
20231207_500101009_16:12,2.042658
20231207_500101009_16:13,2.071466
20231207_500101009_16:14,2.110636
20231207_500101009_16:15,2.107237
20231207_500101009_16:16,2.079619
20231207_500101009_16:17,2.105081
20231207_500101009_16:18,2.231997
20231207_500101009_16:19,2.431042
20231207_500101009_16:21,2.709423
20231207_500101009_16:22,2.714215
20231207_500101009_16:23,2.696378
20231207_500101009_16:24,2.726638
20231207_500101009_16:25,2.714263
20231207_500101009_16:26,2.806502
20231207_500101009_16:27,2.838328
20231207_500101009_16:28,2.802005
20231207_500101009_16:29,2.770828
20231207_500101009_16:31,3.024235
20231207_500101009_16:32,3.173381
20231207_500101009_16:33,3.229761
20231207_500101009_16:34,3.181044
20231207_500101009_16:35,3.005596
20231207_500101009_16:36,2.945066
20231207_500101009_16:37,2.942607
20231207_500101009_16:38,2.957479
20231207_500101009_16:39,2.931076
20231207_500101009_16:40,2.852340
20231207_500101009_16:41,2.777396
20231207_500101009_16:42,2.783308
20231207_500101009_16:43,2.897357
20231207_500101009_16:44,3.066974
20231207_500101009_16:45,3.314329
20231207_500101009_16:46,3.360085
20231207_500101009_16:47,3.346221
20231207_500101009_16:48,3.332050
20231207_500101009_16:49,3.363045
20231207_500101009_16:50,3.408811
20231207_500101009_16:51,3.433219
20231207_500101009_16:52,3.378592
20231207_500101009_16:53,3.305995
20231207_500101009_16:54,3.283028
20231207_500101009_16:56,3.544346
20231207_500101009_16:57,3.649964
20231207_500101009_16:58,3.687987
20231207_500101009_16:59,3.683299
20231207_500101009_17:01,3.717793
20231207_500101009_17:02,3.766509
20231207_500101009_17:03,3.804845
20231207_500101009_17:04,3.797110
20231207_500101009_17:05,3.740101
20231207_500101009_17:06,3.751338
20231207_500101009_17:07,3.841444
20231207_500101009_17:08,4.021334
20231207_500101009_17:09,4.212779
20231207_500101009_17:10,4.410300
20231207_500101009_17:11,4.577752
20231207_500101009_17:12,4.681272
20231207_500101009_17:13,4.753746
20231207_500101009_17:14,4.890695
20231207_500101009_17:15,4.936851
20231207_500101009_17:16,4.975522
20231207_500101009_17:17,5.044683
20231207_500101009_17:18,5.104512
20231207_500101009_17:19,5.166830
20231207_500101009_17:21,5.514815
20231207_500101009_17:22,5.755928
20231207_500101009_17:23,5.962499
20231207_500101009_17:24,6.095619
20231207_500101009_17:25,6.166397
20231207_500101009_17:26,6.217654
20231207_500101009_17:27,6.274200
20231207_500101009_17:28,6.374801
20231207_500101009_17:29,6.448278
20231207_500101009_17:31,6.504683
20231207_500101009_17:32,6.510985
20231207_500101009_17:33,6.600570
20231207_500101009_17:34,6.807862
20231207_500101009_17:35,7.045073
20231207_500101009_17:36,7.230694
20231207_500101009_17:37,7.339466
20231207_500101009_17:38,7.386422
20231207_500101009_17:39,7.491415
20231207_500101009_17:40,7.579897
20231207_500101009_17:41,7.632505
20231207_500101009_17:42,7.680524
20231207_500101009_17:43,7.726032
20231207_500101009_17:45,7.787374
20231207_500101009_17:46,7.970996
20231207_500101009_17:47,8.168630
20231207_500101009_17:48,8.384905
20231207_500101009_17:49,8.595247
20231207_500101009_17:50,8.677152
20231207_500101009_17:51,8.673719
20231207_500101009_17:52,8.804182
20231207_500101009_17:53,8.917593
20231207_500101009_17:54,8.996629
20231207_500101009_17:55,9.114811
20231207_500101009_17:56,9.112872
20231207_500101009_17:57,9.163883
20231207_500101009_17:58,9.348047
20231207_500101009_17:59,9.566925
20231207_500101009_18:01,9.879538
20231207_500101009_18:02,9.977149
20231207_500101009_18:03,10.033705
20231207_500101009_18:04,10.117765
20231207_500101009_18:05,10.200736
20231207_500101009_18:06,10.221629
20231207_500101009_18:07,10.154830
20231207_500101009_18:08,10.097161
20231207_500101009_18:09,10.092354
20231207_500101009_18:10,10.235495
20231207_500101009_18:11,10.425533
20231207_500101009_18:12,10.558815
20231207_500101009_18:13,10.595848
20231207_500101009_18:14,10.591114
20231207_500101009_18:15,10.640295
20231207_500101009_18:16,10.711760
20231207_500101009_18:17,10.839568
20231207_500101009_18:18,10.908173
20231207_500101009_18:19,10.875811
20231207_500101009_18:21,10.837205
20231207_500101009_18:22,10.881458
20231207_500101009_18:23,11.024837
20231207_500101009_18:24,11.206141
20231207_500101009_18:25,11.323088
20231207_500101009_18:26,11.407433
20231207_500101009_18:27,11.478415
20231207_500101009_18:28,11.532642
20231207_500101009_18:29,11.571661
20231207_500101009_18:31,11.646221
20231207_500101009_18:32,11.564167
20231207_500101009_18:33,11.469852
20231207_500101009_18:34,11.433382
20231207_500101009_18:35,11.516031
20231207_500101009_18:36,11.691727
20231207_500101009_18:37,11.823841
20231207_500101009_18:38,11.861126
20231207_500101009_18:39,11.846951
20231207_500101009_18:41,12.094490
20231207_500101009_18:42,12.259033
20231207_500101009_18:43,12.332792
20231207_500101009_18:44,12.296691
20231207_500101009_18:45,12.217347
20231207_500101009_18:46,12.212828
20231207_500101009_18:47,12.299198
20231207_500101009_18:48,12.472322
20231207_500101009_18:49,12.621614
20231207_500101009_18:51,12.729497
20231207_500101009_18:52,12.932570
20231207_500101009_18:53,13.075628
20231207_500101009_18:54,13.131964
20231207_500101009_18:55,13.190989
20231207_500101009_18:56,13.127822
20231207_500101009_18:57,13.058590
20231207_500101009_18:58,13.011335
20231207_500101009_18:59,12.965169
20231207_500101009_19:01,12.951990
20231207_500101009_19:02,12.996255
20231207_500101009_19:03,13.073484
20231207_500101009_19:04,13.272466
20231207_500101009_19:05,13.436267
20231207_500101009_19:06,13.430435
20231207_500101009_19:07,13.368130
20231207_500101009_19:08,13.313683
20231207_500101009_19:09,13.322226
20231207_500101009_19:11,13.346136
20231207_500101009_19:12,13.254753
20231207_500101009_19:13,13.150221
20231207_500101009_19:14,13.181017
20231207_500101009_19:15,13.238170
20231207_500101009_19:16,13.415491
20231207_500101009_19:17,13.571977
20231207_500101009_19:18,13.600907
20231207_500101009_19:19,13.569765
20231207_500101009_19:21,13.361677
20231207_500101009_19:22,13.242332
20231207_500101009_19:23,13.157024
20231207_500101009_19:24,13.032011
20231207_500101009_19:25,12.915577
20231207_500101009_19:26,12.845974
20231207_500101009_19:27,12.857597
20231207_500101009_19:28,12.845533
20231207_500101009_19:29,12.886067
20231207_500101009_19:31,12.927124
20231207_500101009_19:32,12.878510
20231207_500101009_19:33,12.823298
20231207_500101009_19:34,12.666122
20231207_500101009_19:35,12.455389
20231207_500101009_19:36,12.322105
20231207_500101009_19:37,12.220303
20231207_500101009_19:38,12.175456
20231207_500101009_19:39,12.203592
20231207_500101009_19:41,12.075155
20231207_500101009_19:42,12.082817
20231207_500101009_19:43,12.101405
20231207_500101009_19:44,12.090246
20231207_500101009_19:45,12.031445
20231207_500101009_19:46,11.836409
20231207_500101009_19:47,11.578405
20231207_500101009_19:48,11.362831
20231207_500101009_19:49,11.240227
20231207_500101009_19:51,11.193467
20231207_500101009_19:52,11.158916
20231207_500101009_19:53,11.121818
20231207_500101009_19:54,11.127381
20231207_500101009_19:55,11.039924
20231207_500101009_19:56,10.927124
20231207_500101009_19:57,10.783297
20231207_500101009_19:58,10.644331
20231207_500101009_19:59,10.510150
20231207_500101009_20:01,10.257246
20231207_500101009_20:02,10.097666
20231207_500101009_20:03,9.972839
20231207_500101009_20:04,9.982187
20231207_500101009_20:05,9.947681
20231207_500101009_20:06,9.860277
20231207_500101009_20:07,9.773035
20231207_500101009_20:08,9.706284
20231207_500101009_20:09,9.627069
20231207_500101009_20:11,9.374296
20231207_500101009_20:12,9.138256
20231207_500101009_20:13,8.925581
20231207_500101009_20:14,8.859396
20231207_500101009_20:15,8.903785
20231207_500101009_20:16,8.938985
20231207_500101009_20:17,8.894812
20231207_500101009_20:18,8.767120
20231207_500101009_20:19,8.616549
20231207_500101009_20:21,8.512074
20231207_500101009_20:22,8.488776
20231207_500101009_20:23,8.394819
20231207_500101009_20:24,8.139965
20231207_500101009_20:25,7.927208
20231207_500101009_20:26,7.796125
20231207_500101009_20:27,7.824702
20231207_500101009_20:28,7.915160
20231207_500101009_20:29,7.969659
20231207_500101009_20:31,7.766157
20231207_500101009_20:32,7.627245
20231207_500101009_20:33,7.574792
20231207_500101009_20:34,7.572719
20231207_500101009_20:35,7.486068
20231207_500101009_20:36,7.308928
20231207_500101009_20:37,7.064575
20231207_500101009_20:38,6.838140
20231207_500101009_20:39,6.734407
20231207_500101009_20:40,6.773385
20231207_500101009_20:41,6.849094
20231207_500101009_20:42,6.896592
20231207_500101009_20:43,6.809363
20231207_500101009_20:44,6.624656
20231207_500101009_20:45,6.492133
20231207_500101009_20:46,6.445537
20231207_500101009_20:47,6.437010
20231207_500101009_20:48,6.341381
20231207_500101009_20:49,6.094902
20231207_500101009_20:50,5.766906
20231207_500101009_20:51,5.519196
20231207_500101009_20:52,5.464830
20231207_500101009_20:53,5.518208
20231207_500101009_20:54,5.579319
20231207_500101009_20:55,5.521585
20231207_500101009_20:56,5.341778
20231207_500101009_20:57,5.140414
20231207_500101009_20:58,5.011152
20231207_500101009_20:59,5.002674
20231207_500101009_21:01,4.910417
20231207_500101009_21:02,4.654138
20231207_500101009_21:03,4.370219
20231207_500101009_21:04,4.205486
20231207_500101009_21:05,4.189009
20231207_500101009_21:06,4.273661
20231207_500101009_21:07,4.326750
20231207_500101009_21:08,4.240902
20231207_500101009_21:09,4.037144
20231207_500101009_21:10,3.837183
20231207_500101009_21:11,3.745300
20231207_500101009_21:12,3.750270
20231207_500101009_21:13,3.789584
20231207_500101009_21:14,3.713212
20231207_500101009_21:15,3.505705
20231207_500101009_21:16,3.264761
20231207_500101009_21:17,3.163364
20231207_500101009_21:18,3.227821
20231207_500101009_21:19,3.413185
20231207_500101009_21:21,3.551132
20231207_500101009_21:22,3.484253
20231207_500101009_21:23,3.448164
20231207_500101009_21:24,3.504641
20231207_500101009_21:25,3.578032
20231207_500101009_21:26,3.605843
20231207_500101009_21:27,3.483339
20231207_500101009_21:28,3.266076
20231207_500101009_21:29,3.099575
20231207_500101009_21:31,3.161504
20231207_500101009_21:32,3.270830
20231207_500101009_21:33,3.262042
20231207_500101009_21:34,3.150338
20231207_500101009_21:35,3.030858
20231207_500101009_21:36,2.962773
20231207_500101009_21:37,2.904841
20231207_500101009_21:38,2.852359
20231207_500101009_21:39,2.801938
20231207_500101009_21:40,2.686639
20231207_500101009_21:41,2.553932
20231207_500101009_21:42,2.479539
20231207_500101009_21:43,2.495637
20231207_500101009_21:44,2.568300
20231207_500101009_21:45,2.671506
20231207_500101009_21:46,2.663253
20231207_500101009_21:47,2.589129
20231207_500101009_21:48,2.497361
20231207_500101009_21:49,2.476695
20231207_500101009_21:50,2.534436
20231207_500101009_21:51,2.530648
20231207_500101009_21:52,2.413158
20231207_500101009_21:53,2.281115
20231207_500101009_21:54,2.210227
20231207_500101009_21:55,2.174383
20231207_500101009_21:56,2.253250
20231207_500101009_21:57,2.363786
20231207_500101009_21:58,2.432617
20231207_500101009_21:59,2.413732
20231207_500101009_22:01,2.367552
20231207_500101009_22:02,2.456759
20231207_500101009_22:03,2.525452
20231207_500101009_22:04,2.491032
20231207_500101009_22:05,2.355627
20231207_500101009_22:06,2.194224
20231207_500101009_22:07,2.106391
20231207_500101009_22:08,2.158362
20231207_500101009_22:09,2.277346
20231207_500101009_22:10,2.379466
20231207_500101009_22:11,2.380077
20231207_500101009_22:12,2.303723
20231207_500101009_22:13,2.241558
20231207_500101009_22:14,2.304022
20231207_500101009_22:15,2.377943
20231207_500101009_22:16,2.429131
20231207_500101009_22:17,2.383788
20231207_500101009_22:18,2.261510
20231207_500101009_22:19,2.150875
20231207_500101009_22:21,2.311210
20231207_500101009_22:22,2.453036
20231207_500101009_22:23,2.532246
20231207_500101009_22:24,2.520972
20231207_500101009_22:25,2.428387
20231207_500101009_22:26,2.443810
20231207_500101009_22:27,2.501925
20231207_500101009_22:28,2.526412
20231207_500101009_22:29,2.450132
20231207_500101009_22:30,2.276041
20231207_500101009_22:31,2.084159
20231207_500101009_22:32,1.969624
20231207_500101009_22:33,1.966213
20231207_500101009_22:34,2.023318
20231207_500101009_22:35,2.113633
20231207_500101009_22:37,2.009236
20231207_500101009_22:38,1.974437
20231207_500101009_22:39,2.007999
20231207_500101009_22:41,2.079611
20231207_500101009_22:42,1.992576
20231207_500101009_22:43,1.845669
20231207_500101009_22:44,1.731990
20231207_500101009_22:45,1.673164
20231207_500101009_22:46,1.761096
20231207_500101009_22:47,1.867352
20231207_500101009_22:48,1.914111
20231207_500101009_22:49,1.893711
20231207_500101009_22:51,1.858914
20231207_500101009_22:52,1.894807
20231207_500101009_22:53,1.933227
20231207_500101009_22:55,1.958717
20231207_500101009_22:56,1.802853
20231207_500101009_22:57,1.698357
20231207_500101009_22:58,1.701078
20231207_500101009_22:59,1.781024
20231207_500101009_23:01,1.873222
20231207_500101009_23:02,1.837817
20231207_500101009_23:03,1.812933
20231207_500101009_23:04,1.856204
20231207_500101009_23:05,1.845859
20231207_500101009_23:06,1.900206
20231207_500101009_23:07,1.860173
20231207_500101009_23:08,1.739167
20231207_500101009_23:09,1.645638
20231207_500101009_23:11,1.758132
20231207_500101009_23:12,1.897882
20231207_500101009_23:13,1.948601
20231207_500101009_23:14,1.935684
20231207_500101009_23:15,1.938769
20231207_500101009_23:16,2.003992
20231207_500101009_23:17,2.057263
20231207_500101009_23:18,2.066837
20231207_500101009_23:19,2.041057
20231207_500101009_23:21,1.888174
20231207_500101009_23:22,1.854390
20231207_500101009_23:23,1.900498
20231207_500101009_23:24,1.951832
20231207_500101009_23:25,1.987383
20231207_500101009_23:26,1.996650
20231207_500101009_23:27,2.025737
20231207_500101009_23:28,2.086552
20231207_500101009_23:29,2.114848
20231207_500101009_23:31,1.923855
20231207_500101009_23:32,1.823585
20231207_500101009_23:33,1.692068
20231207_500101009_23:34,1.611193
20231207_500101009_23:35,1.577828
20231207_500101009_23:36,1.667807
20231207_500101009_23:37,1.820827
20231207_500101009_23:38,1.926801
20231207_500101009_23:39,1.950750
20231207_500101009_23:41,2.036301
20231207_500101009_23:42,2.153828
20231207_500101009_23:43,2.253963
20231207_500101009_23:44,2.293502
20231207_500101009_23:45,2.288410
20231207_500101009_23:46,2.218760
20231208_500101009_00:01,7.845067
20231208_500101009_00:02,7.830372
20231208_500101009_00:03,7.848516
20231208_500101009_00:04,7.837020
20231208_500101009_00:05,7.777743
20231208_500101009_00:06,7.717193
20231208_500101009_00:07,7.714957
20231208_500101009_00:08,7.784929
20231208_500101009_00:09,7.901898
20231208_500101009_00:11,7.945039
20231208_500101009_00:12,7.855682
20231208_500101009_00:13,7.798450
20231208_500101009_00:14,7.813179
20231208_500101009_00:15,7.729009
20231208_500101009_00:16,7.732618
20231208_500101009_00:17,7.680085
20231208_500101009_00:18,7.613848
20231208_500101009_00:19,7.591575
20231208_500101009_00:21,7.720772
20231208_500101009_00:22,7.773055
20231208_500101009_00:23,7.750686
20231208_500101009_00:24,7.666158
20231208_500101009_00:25,7.574418
20231208_500101009_00:26,7.523004
20231208_500101009_00:27,7.512924
20231208_500101009_00:28,7.512153
20231208_500101009_00:29,7.517170
20231208_500101009_00:30,7.422985
20231208_500101009_00:31,7.357817
20231208_500101009_00:32,7.399693
20231208_500101009_00:33,7.536590
20231208_500101009_00:34,7.705453
20231208_500101009_00:35,7.732635
20231208_500101009_00:36,7.754992
20231208_500101009_00:37,7.741399
20231208_500101009_00:38,7.742538
20231208_500101009_00:39,7.777046
20231208_500101009_00:40,7.815866
20231208_500101009_00:41,7.813761
20231208_500101009_00:42,7.757588
20231208_500101009_00:43,7.685107
20231208_500101009_00:44,7.655273
20231208_500101009_00:45,7.624481
20231208_500101009_00:46,7.704700
20231208_500101009_00:47,7.762086
20231208_500101009_00:48,7.748166
20231208_500101009_00:49,7.682663
20231208_500101009_00:50,7.629812
20231208_500101009_00:51,7.597510
20231208_500101009_00:52,7.587629
20231208_500101009_00:53,7.634793
20231208_500101009_00:54,7.686435
20231208_500101009_00:55,7.748439
20231208_500101009_00:56,7.765754
20231208_500101009_00:57,7.839606
20231208_500101009_00:58,7.912748
20231208_500101009_00:59,7.974052
20231208_500101009_01:00,8.034288
20231208_500101009_01:01,8.088110
20231208_500101009_01:02,8.133648
20231208_500101009_01:03,8.157497
20231208_500101009_01:04,8.158476
20231208_500101009_01:05,8.046774
20231208_500101009_01:06,8.046116
20231208_500101009_01:07,8.063295
20231208_500101009_01:08,8.091470
20231208_500101009_01:09,8.113508
20231208_500101009_01:10,8.116296
20231208_500101009_01:11,8.100785
20231208_500101009_01:12,8.079392
20231208_500101009_01:13,8.067080
20231208_500101009_01:14,8.055849
20231208_500101009_01:15,7.882686
20231208_500101009_01:16,7.868773
20231208_500101009_01:17,7.862133
20231208_500101009_01:18,7.928952
20231208_500101009_01:19,7.990116
20231208_500101009_01:21,8.115155
20231208_500101009_01:22,8.177379
20231208_500101009_01:23,8.249257
20231208_500101009_01:24,8.328259
20231208_500101009_01:25,8.378271
20231208_500101009_01:26,8.424696
20231208_500101009_01:27,8.407001
20231208_500101009_01:28,8.362145
20231208_500101009_01:29,8.332764
20231208_500101009_01:30,8.337572
20231208_500101009_01:31,8.353113
20231208_500101009_01:32,8.362516
20231208_500101009_01:33,8.354284
20231208_500101009_01:34,8.332835
20231208_500101009_01:35,8.351391
20231208_500101009_01:36,8.377114
20231208_500101009_01:37,8.417034
20231208_500101009_01:38,8.493359
20231208_500101009_01:39,8.515773
20231208_500101009_01:40,8.496048
20231208_500101009_01:41,8.484848
20231208_500101009_01:42,8.520499
20231208_500101009_01:43,8.596424
20231208_500101009_01:44,8.670790
20231208_500101009_01:45,8.836609
20231208_500101009_01:46,8.884188
20231208_500101009_01:47,8.919699
20231208_500101009_01:48,8.962791
20231208_500101009_01:49,9.019133
20231208_500101009_01:50,9.112148
20231208_500101009_01:51,9.196388
20231208_500101009_01:52,9.209486
20231208_500101009_01:53,9.187296
20231208_500101009_01:54,9.176865
20231208_500101009_01:55,9.072337
20231208_500101009_01:56,9.095276
20231208_500101009_01:57,9.094425
20231208_500101009_01:58,9.066937
20231208_500101009_01:59,9.053571
20231208_500101009_02:01,9.042288
20231208_500101009_02:02,9.101924
20231208_500101009_02:03,9.152708
20231208_500101009_02:04,9.160628
20231208_500101009_02:05,9.013411
20231208_500101009_02:06,8.969241
20231208_500101009_02:07,8.953442
20231208_500101009_02:08,8.977144
20231208_500101009_02:09,9.019487
20231208_500101009_02:10,9.051373
20231208_500101009_02:11,9.065153
20231208_500101009_02:12,9.082008
20231208_500101009_02:13,9.138525
20231208_500101009_02:14,9.233292
20231208_500101009_02:15,9.305911
20231208_500101009_02:16,9.359528
20231208_500101009_02:19,9.175550
20231208_500101009_02:21,9.183352
20231208_500101009_02:22,9.198311
20231208_500101009_02:23,9.164971
20231208_500101009_02:24,9.143963
20231208_500101009_02:25,8.914495
20231208_500101009_02:26,8.848036
20231208_500101009_02:27,8.850638
20231208_500101009_02:28,8.850348
20231208_500101009_02:29,8.854852
20231208_500101009_02:31,8.821688
20231208_500101009_02:32,8.814426
20231208_500101009_02:33,8.856407
20231208_500101009_02:34,8.961035
20231208_500101009_02:35,8.952028
20231208_500101009_02:36,9.074327
20231208_500101009_02:37,9.140128
20231208_500101009_02:38,9.165070
20231208_500101009_02:39,9.193271
20231208_500101009_02:41,9.317236
20231208_500101009_02:42,9.343925
20231208_500101009_02:43,9.299610
20231208_500101009_02:44,9.203753
20231208_500101009_02:45,9.086911
20231208_500101009_02:46,9.054042
20231208_500101009_02:47,9.075081
20231208_500101009_02:48,9.110097
20231208_500101009_02:49,9.109818
20231208_500101009_02:51,9.021525
20231208_500101009_02:52,9.017967
20231208_500101009_02:53,9.066502
20231208_500101009_02:54,9.130949
20231208_500101009_02:55,9.170996
20231208_500101009_02:56,9.181200
20231208_500101009_02:57,9.189621
20231208_500101009_02:58,9.241082
20231208_500101009_02:59,9.354337
20231208_500101009_03:01,9.633286
20231208_500101009_03:02,9.703722
20231208_500101009_03:03,9.747318
20231208_500101009_03:04,9.791847
20231208_500101009_03:05,9.821135
20231208_500101009_03:06,9.863495
20231208_500101009_03:07,9.855984
20231208_500101009_03:08,9.782675
20231208_500101009_03:09,9.766047
20231208_500101009_03:11,9.750597
20231208_500101009_03:12,9.749962
20231208_500101009_03:13,9.785619
20231208_500101009_03:14,9.817039
20231208_500101009_03:15,9.831063
20231208_500101009_03:16,9.868750
20231208_500101009_03:17,9.896330
20231208_500101009_03:18,9.879349
20231208_500101009_03:19,9.901577
20231208_500101009_03:21,10.052212
20231208_500101009_03:22,10.134215
20231208_500101009_03:23,10.152818
20231208_500101009_03:24,10.109911
20231208_500101009_03:25,10.073767
20231208_500101009_03:26,10.120913
20231208_500101009_03:27,10.152036
20231208_500101009_03:28,10.177233
20231208_500101009_03:29,10.218428
20231208_500101009_03:31,10.432020
20231208_500101009_03:32,10.516721
20231208_500101009_03:33,10.576847
20231208_500101009_03:34,10.610805
20231208_500101009_03:35,10.595137
20231208_500101009_03:36,10.588379
20231208_500101009_03:37,10.588830
20231208_500101009_03:38,10.549216
20231208_500101009_03:39,10.507105
20231208_500101009_03:41,10.477965
20231208_500101009_03:42,10.491438
20231208_500101009_03:43,10.590797
20231208_500101009_03:44,10.665624
20231208_500101009_03:45,10.624878
20231208_500101009_03:46,10.503156
20231208_500101009_03:47,10.418193
20231208_500101009_03:48,10.411972
20231208_500101009_03:49,10.472161
20231208_500101009_03:50,10.572884
20231208_500101009_03:51,10.622508
20231208_500101009_03:52,10.582080
20231208_500101009_03:53,10.556320
20231208_500101009_03:54,10.587970
20231208_500101009_03:55,10.672039
20231208_500101009_03:56,10.816921
20231208_500101009_03:57,10.884657
20231208_500101009_03:58,10.824896
20231208_500101009_03:59,10.772959
20231208_500101009_04:01,10.717166
20231208_500101009_04:02,10.741255
20231208_500101009_04:03,10.745686
20231208_500101009_04:04,10.736350
20231208_500101009_04:05,10.733124
20231208_500101009_04:06,10.673845
20231208_500101009_04:07,10.636667
20231208_500101009_04:08,10.662270
20231208_500101009_04:09,10.719716
20231208_500101009_04:10,10.770470
20231208_500101009_04:11,10.789376
20231208_500101009_04:12,10.783675
20231208_500101009_04:13,10.781960
20231208_500101009_04:14,10.804249
20231208_500101009_04:15,10.839323
20231208_500101009_04:16,10.860978
20231208_500101009_04:17,10.893502
20231208_500101009_04:18,10.913836
20231208_500101009_04:19,10.900749
20231208_500101009_04:21,10.898052
20231208_500101009_04:22,10.958251
20231208_500101009_04:23,11.043270
20231208_500101009_04:24,11.119804
20231208_500101009_04:25,11.149424
20231208_500101009_04:26,11.162189
20231208_500101009_04:27,11.164762
20231208_500101009_04:28,11.179157
20231208_500101009_04:29,11.206802
20231208_500101009_04:30,11.229582
20231208_500101009_04:31,11.231056
20231208_500101009_04:32,11.217386
20231208_500101009_04:33,11.217349
20231208_500101009_04:34,11.263186
20231208_500101009_04:35,11.356641
20231208_500101009_04:36,11.474918
20231208_500101009_04:37,11.592724
20231208_500101009_04:38,11.668243
20231208_500101009_04:39,11.688747
20231208_500101009_04:40,11.686146
20231208_500101009_04:41,11.723660
20231208_500101009_04:42,11.756229
20231208_500101009_04:43,11.769789
20231208_500101009_04:44,11.760510
20231208_500101009_04:45,11.724856
20231208_500101009_04:46,11.714548
20231208_500101009_04:47,11.723413
20231208_500101009_04:48,11.742575
20231208_500101009_04:49,11.737913
20231208_500101009_04:50,11.729245
20231208_500101009_04:51,11.693734
20231208_500101009_04:52,11.625309
20231208_500101009_04:53,11.560287
20231208_500101009_04:54,11.496340
20231208_500101009_04:55,11.399642
20231208_500101009_04:56,11.341116
20231208_500101009_04:57,11.276167
20231208_500101009_04:58,11.220076
20231208_500101009_04:59,11.191932
20231208_500101009_05:00,11.202962
20231208_500101009_05:01,11.250110
20231208_500101009_05:02,11.293379
20231208_500101009_05:03,11.321239
20231208_500101009_05:04,11.332026
20231208_500101009_05:05,11.310790
20231208_500101009_05:06,11.295773
20231208_500101009_05:07,11.264391
20231208_500101009_05:08,11.217779
20231208_500101009_05:09,11.192068
20231208_500101009_05:10,11.160541
20231208_500101009_05:11,11.141016
20231208_500101009_05:12,11.153435
20231208_500101009_05:13,11.185668
20231208_500101009_05:14,11.216447
20231208_500101009_05:15,11.214939
20231208_500101009_05:16,11.178311
20231208_500101009_05:17,11.114301
20231208_500101009_05:18,11.054579
20231208_500101009_05:19,11.016663
20231208_500101009_05:21,10.924713
20231208_500101009_05:22,10.834005
20231208_500101009_05:23,10.765829
20231208_500101009_05:24,10.723464
20231208_500101009_05:26,10.823608
20231208_500101009_05:27,10.877625
20231208_500101009_05:29,10.870250
20231208_500101009_05:31,10.857338
20231208_500101009_05:32,10.928770
20231208_500101009_05:33,10.963163
20231208_500101009_05:34,10.955301
20231208_500101009_05:35,11.087055
20231208_500101009_05:36,11.174905
20231208_500101009_05:37,11.235055
20231208_500101009_05:38,11.280256
20231208_500101009_05:39,11.359934
20231208_500101009_05:41,11.523558
20231208_500101009_05:42,11.572853
20231208_500101009_05:43,11.551556
20231208_500101009_05:44,11.530177
20231208_500101009_05:45,11.550188
20231208_500101009_05:46,11.598860
20231208_500101009_05:47,11.679191
20231208_500101009_05:48,11.745333
20231208_500101009_05:49,11.778837
20231208_500101009_05:51,11.809406
20231208_500101009_05:52,11.838062
20231208_500101009_05:53,11.855732
20231208_500101009_05:54,11.829401
20231208_500101009_05:55,11.797222
20231208_500101009_05:56,11.750008
20231208_500101009_05:57,11.726557
20231208_500101009_05:58,11.709263
20231208_500101009_05:59,11.700796
20231208_500101009_06:01,11.683653
20231208_500101009_06:02,11.643295
20231208_500101009_06:03,11.594368
20231208_500101009_06:04,11.541084
20231208_500101009_06:05,11.503113
20231208_500101009_06:06,11.442248
20231208_500101009_06:07,11.340351
20231208_500101009_06:08,11.200233
20231208_500101009_06:09,11.071566
20231208_500101009_06:11,10.897437
20231208_500101009_06:12,10.888439
20231208_500101009_06:13,10.895548
20231208_500101009_06:14,10.896078
20231208_500101009_06:15,10.928020
20231208_500101009_06:16,10.983744
20231208_500101009_06:17,11.063383
20231208_500101009_06:18,11.116605
20231208_500101009_06:19,11.155389
20231208_500101009_06:21,11.191767
20231208_500101009_06:22,11.216494
20231208_500101009_06:23,11.244401
20231208_500101009_06:24,11.279089
20231208_500101009_06:25,11.325589
20231208_500101009_06:26,11.376675
20231208_500101009_06:27,11.427126
20231208_500101009_06:28,11.465219
20231208_500101009_06:29,11.495402
20231208_500101009_06:31,11.468393
20231208_500101009_06:32,11.464874
20231208_500101009_06:33,11.454891
20231208_500101009_06:34,11.439273
20231208_500101009_06:35,11.434082
20231208_500101009_06:36,11.439789
20231208_500101009_06:37,11.446856
20231208_500101009_06:38,11.449115
20231208_500101009_06:39,11.451576
20231208_500101009_06:41,11.473063
20231208_500101009_06:42,11.486078
20231208_500101009_06:43,11.494503
20231208_500101009_06:44,11.500628
20231208_500101009_06:45,11.454571
20231208_500101009_06:46,11.407728
20231208_500101009_06:47,11.360311
20231208_500101009_06:48,11.332543
20231208_500101009_06:49,11.326525
20231208_500101009_06:50,11.302210
20231208_500101009_06:51,11.294683
20231208_500101009_06:52,11.304232
20231208_500101009_06:53,11.379415
20231208_500101009_06:54,11.389280
20231208_500101009_06:55,11.353849
20231208_500101009_06:56,11.327487
20231208_500101009_06:57,11.313581
20231208_500101009_06:58,11.313915
20231208_500101009_06:59,11.283924
20231208_500101009_07:01,11.089119
20231208_500101009_07:02,10.997843
20231208_500101009_07:03,10.948122
20231208_500101009_07:04,10.955530
20231208_500101009_07:05,10.933694
20231208_500101009_07:06,10.926126
20231208_500101009_07:07,10.864108
20231208_500101009_07:08,10.839323
20231208_500101009_07:09,10.800603
20231208_500101009_07:10,10.743778
20231208_500101009_07:11,10.686010
20231208_500101009_07:12,10.640545
20231208_500101009_07:13,10.582695
20231208_500101009_07:14,10.524609
20231208_500101009_07:15,10.438526
20231208_500101009_07:16,10.354165
20231208_500101009_07:17,10.354773
20231208_500101009_07:18,10.357187
20231208_500101009_07:19,10.302375
20231208_500101009_07:21,10.078726
20231208_500101009_07:22,9.924576
20231208_500101009_07:23,9.768867
20231208_500101009_07:24,9.660446
20231208_500101009_07:25,9.529030
20231208_500101009_07:26,9.366676
20231208_500101009_07:27,9.226854
20231208_500101009_07:28,9.086547
20231208_500101009_07:29,8.979349
20231208_500101009_07:31,8.901958
20231208_500101009_07:32,8.855906
20231208_500101009_07:33,8.771030
20231208_500101009_07:34,8.634632
20231208_500101009_07:35,8.384592
20231208_500101009_07:36,8.290336
20231208_500101009_07:37,8.218183
20231208_500101009_07:38,8.085578
20231208_500101009_07:39,7.899858
20231208_500101009_07:40,7.719344
20231208_500101009_07:41,7.619413
20231208_500101009_07:42,7.597254
20231208_500101009_07:43,7.584341
20231208_500101009_07:44,7.504642
20231208_500101009_07:45,7.341707
20231208_500101009_07:46,7.144889
20231208_500101009_07:47,6.982964
20231208_500101009_07:48,6.862719
20231208_500101009_07:49,6.748716
20231208_500101009_07:50,6.616541
20231208_500101009_07:51,6.456196
20231208_500101009_07:52,6.271109
20231208_500101009_07:53,6.109154
20231208_500101009_07:54,6.012734
20231208_500101009_07:55,6.218957
20231208_500101009_07:56,6.263514
20231208_500101009_07:57,6.282755
20231208_500101009_07:58,6.260504
20231208_500101009_07:59,6.199057
20231208_500101009_08:01,6.101765
20231208_500101009_08:03,6.031598
20231208_500101009_08:04,5.979562
20231208_500101009_08:05,6.292181
20231208_500101009_08:06,6.213676
20231208_500101009_08:07,6.163933
20231208_500101009_08:08,6.140522
20231208_500101009_08:09,6.102180
20231208_500101009_08:10,6.037796
20231208_500101009_08:11,5.990981
20231208_500101009_08:12,5.870687
20231208_500101009_08:13,5.713443
20231208_500101009_08:14,5.589712
20231208_500101009_08:15,5.600883
20231208_500101009_08:16,5.588149
20231208_500101009_08:17,5.556307
20231208_500101009_08:18,5.437345
20231208_500101009_08:19,5.254921
20231208_500101009_08:21,5.068099
20231208_500101009_08:22,5.078114
20231208_500101009_08:23,5.065926
20231208_500101009_08:24,4.973079
20231208_500101009_08:25,5.093492
20231208_500101009_08:26,4.948308
20231208_500101009_08:27,4.873604
20231208_500101009_08:28,4.869413
20231208_500101009_08:29,4.889268
20231208_500101009_08:32,4.697724
20231208_500101009_08:33,4.672880
20231208_500101009_08:34,4.684707
20231208_500101009_08:35,4.646455
20231208_500101009_08:36,4.604802
20231208_500101009_08:37,4.498856
20231208_500101009_08:38,4.360193
20231208_500101009_08:39,4.238761
20231208_500101009_08:40,4.160940
20231208_500101009_08:41,4.110576
20231208_500101009_08:42,4.049366
20231208_500101009_08:43,3.956680
20231208_500101009_08:44,3.851318
20231208_500101009_08:45,4.088741
20231208_500101009_08:46,4.082367
20231208_500101009_08:47,4.130242
20231208_500101009_08:48,4.170305
20231208_500101009_08:49,4.140812
20231208_500101009_08:50,4.034977
20231208_500101009_08:51,3.907573
20231208_500101009_08:52,3.827143
20231208_500101009_08:53,3.815037
20231208_500101009_08:54,3.818272
20231208_500101009_08:55,3.712842
20231208_500101009_08:56,3.642806
20231208_500101009_08:57,3.564813
20231208_500101009_08:58,3.506071
20231208_500101009_08:59,3.494376
20231208_500101009_09:01,3.498305
20231208_500101009_09:02,3.404888
20231208_500101009_09:03,3.221477
20231208_500101009_09:04,3.054604
20231208_500101009_09:05,3.012238
20231208_500101009_09:06,3.049971
20231208_500101009_09:07,3.121986
20231208_500101009_09:08,3.111106
20231208_500101009_09:09,3.026564
20231208_500101009_09:10,2.933801
20231208_500101009_09:11,2.906329
20231208_500101009_09:13,3.038929
20231208_500101009_09:14,3.061911
20231208_500101009_09:15,2.907146
20231208_500101009_09:16,2.768223
20231208_500101009_09:17,2.707757
20231208_500101009_09:18,2.792074
20231208_500101009_09:19,2.932501
20231208_500101009_09:21,2.975204
20231208_500101009_09:22,2.908524
20231208_500101009_09:23,2.921403
20231208_500101009_09:24,2.985737
20231208_500101009_09:25,3.107756
20231208_500101009_09:26,3.109290
20231208_500101009_09:27,3.027104
20231208_500101009_09:28,2.885831
20231208_500101009_09:29,2.797781
20231208_500101009_09:30,2.805082
20231208_500101009_09:32,3.010342
20231208_500101009_09:33,3.037299
20231208_500101009_09:34,2.984972
20231208_500101009_09:35,2.810473
20231208_500101009_09:36,2.902415
20231208_500101009_09:37,3.055490
20231208_500101009_09:38,3.187602
20231208_500101009_09:39,3.202379
20231208_500101009_09:41,3.087821
20231208_500101009_09:42,3.080832
20231208_500101009_09:43,3.212780
20231208_500101009_09:44,3.335521
20231208_500101009_09:45,3.005630
20231208_500101009_09:46,2.897324
20231208_500101009_09:47,2.750730
20231208_500101009_09:48,2.650427
20231208_500101009_09:49,2.667166
20231208_500101009_09:51,2.704397
20231208_500101009_09:52,2.545031
20231208_500101009_09:53,2.362003
20231208_500101009_09:54,2.180279
20231208_500101009_09:55,2.451262
20231208_500101009_09:56,2.481602
20231208_500101009_09:57,2.539521
20231208_500101009_09:58,2.530632
20231208_500101009_09:59,2.440486
20231208_500101009_10:01,2.399888
20231208_500101009_10:02,2.453029
20231208_500101009_10:03,2.559147
20231208_500101009_10:04,2.620214
20231208_500101009_10:05,2.109991
20231208_500101009_10:06,1.990083
20231208_500101009_10:07,1.905024
20231208_500101009_10:08,1.916641
20231208_500101009_10:09,2.002338
20231208_500101009_10:11,2.091568
20231208_500101009_10:12,2.070151
20231208_500101009_10:13,2.087367
20231208_500101009_10:14,2.145116
20231208_500101009_10:15,2.436000
20231208_500101009_10:16,2.527766
20231208_500101009_10:17,2.526395
20231208_500101009_10:18,2.419745
20231208_500101009_10:19,2.278968
20231208_500101009_10:21,2.251264
20231208_500101009_10:22,2.310066
20231208_500101009_10:23,2.343135
20231208_500101009_10:24,2.330776
20231208_500101009_10:25,2.122194
20231208_500101009_10:26,2.139161
20231208_500101009_10:27,2.178734
20231208_500101009_10:28,2.238144
20231208_500101009_10:29,2.241490
20231208_500101009_10:31,2.134463
20231208_500101009_10:32,2.053917
20231208_500101009_10:33,2.018299
20231208_500101009_10:34,2.056646
20231208_500101009_10:35,1.790539
20231208_500101009_10:36,1.794376
20231208_500101009_10:37,1.830304
20231208_500101009_10:38,1.876333
20231208_500101009_10:39,1.995874
20231208_500101009_10:41,2.315429
20231208_500101009_10:42,2.459903
20231208_500101009_10:43,2.495889
20231208_500101009_10:44,2.468425
20231208_500101009_10:45,3.073878
20231208_500101009_10:46,3.166703
20231208_500101009_10:47,3.320856
20231208_500101009_10:48,3.426435
20231208_500101009_10:49,3.450569
20231208_500101009_10:51,3.501646
20231208_500101009_10:52,3.610552
20231208_500101009_10:53,3.773959
20231208_500101009_10:54,3.897447
20231208_500101009_10:55,3.604212
20231208_500101009_10:56,3.569179
20231208_500101009_10:57,3.536551
20231208_500101009_10:58,3.599571
20231208_500101009_10:59,3.759504
20231208_500101009_11:01,4.110153
20231208_500101009_11:02,4.148850
20231208_500101009_11:03,4.184961
20231208_500101009_11:04,4.310887
20231208_500101009_11:05,4.947541
20231208_500101009_11:06,5.266190
20231208_500101009_11:07,5.491486
20231208_500101009_11:08,5.547658
20231208_500101009_11:09,5.524454
20231208_500101009_11:10,5.537851
20231208_500101009_11:11,5.619992
20231208_500101009_11:12,5.763491
20231208_500101009_11:13,5.906176
20231208_500101009_11:14,5.899002
20231208_500101009_11:15,5.672686
20231208_500101009_11:16,5.602938
20231208_500101009_11:17,5.625518
20231208_500101009_11:18,5.762918
20231208_500101009_11:19,5.918637
20231208_500101009_11:21,5.898343
20231208_500101009_11:22,5.761756
20231208_500101009_11:23,5.716517
20231208_500101009_11:24,5.776847
20231208_500101009_11:25,5.734117
20231208_500101009_11:26,5.760296
20231208_500101009_11:27,5.689247
20231208_500101009_11:28,5.577468
20231208_500101009_11:29,5.523679
20231208_500101009_11:31,5.694573
20231208_500101009_11:32,5.782480
20231208_500101009_11:33,5.788065
20231208_500101009_11:34,5.678891
20231208_500101009_11:35,5.738562
20231208_500101009_11:36,5.709546
20231208_500101009_11:37,5.755243
20231208_500101009_11:38,5.813934
20231208_500101009_11:39,5.813837
20231208_500101009_11:40,5.709400
20231208_500101009_11:41,5.623096
20231208_500101009_11:42,5.685137
20231208_500101009_11:43,5.882468
20231208_500101009_11:44,6.127818
20231208_500101009_11:45,6.163359
20231208_500101009_11:46,6.245055
20231208_500101009_11:47,6.242566
20231208_500101009_11:48,6.315850
20231208_500101009_11:49,6.483588
20231208_500101009_11:50,6.728713
20231208_500101009_11:51,6.963072
20231208_500101009_11:52,7.098851
20231208_500101009_11:53,7.140297
20231208_500101009_11:54,7.197190
20231208_500101009_11:55,7.440066
20231208_500101009_11:56,7.649073
20231208_500101009_11:57,7.844636
20231208_500101009_11:58,8.006021
20231208_500101009_11:59,8.039048
20231208_500101009_12:01,8.115185
20231208_500101009_12:02,8.260710
20231208_500101009_12:03,8.448294
20231208_500101009_12:04,8.599786
20231208_500101009_12:05,8.524229
20231208_500101009_12:06,8.520382
20231208_500101009_12:07,8.573293
20231208_500101009_12:08,8.740137
20231208_500101009_12:09,8.969831
20231208_500101009_12:10,9.148795
20231208_500101009_12:11,9.212955
20231208_500101009_12:12,9.194161
20231208_500101009_12:13,9.194624
20231208_500101009_12:14,9.292131
20231208_500101009_12:15,9.332983
20231208_500101009_12:16,9.542651
20231208_500101009_12:17,9.638268
20231208_500101009_12:18,9.619501
20231208_500101009_12:19,9.622910
20231208_500101009_12:21,9.919715
20231208_500101009_12:22,10.105452
20231208_500101009_12:23,10.189639
20231208_500101009_12:24,10.146111
20231208_500101009_12:25,10.369971
20231208_500101009_12:26,10.327511
20231208_500101009_12:27,10.384446
20231208_500101009_12:28,10.529638
20231208_500101009_12:29,10.641534
20231208_500101009_12:31,10.559956
20231208_500101009_12:32,10.547580
20231208_500101009_12:33,10.676233
20231208_500101009_12:34,10.903315
20231208_500101009_12:35,10.633484
20231208_500101009_12:36,10.678772
20231208_500101009_12:37,10.609808
20231208_500101009_12:38,10.533459
20231208_500101009_12:39,10.557329
20231208_500101009_12:40,10.678843
20231208_500101009_12:41,10.785697
20231208_500101009_12:42,10.814927
20231208_500101009_12:43,10.758168
20231208_500101009_12:44,10.668842
20231208_500101009_12:45,10.805573
20231208_500101009_12:46,10.884068
20231208_500101009_12:47,10.982458
20231208_500101009_12:48,10.992500
20231208_500101009_12:49,10.867913
20231208_500101009_12:50,10.665144
20231208_500101009_12:51,10.492559
20231208_500101009_12:52,10.414557
20231208_500101009_12:53,10.398079
20231208_500101009_12:54,10.349463
20231208_500101009_12:55,10.481195
20231208_500101009_12:56,10.335838
20231208_500101009_12:57,10.225624
20231208_500101009_12:58,10.173574
20231208_500101009_12:59,10.151991
20231208_500101009_13:01,9.964165
20231208_500101009_13:02,9.758139
20231208_500101009_13:03,9.538973
20231208_500101009_13:05,9.172861
20231208_500101009_13:07,8.942533
20231208_500101009_13:08,8.720369
20231208_500101009_13:09,8.490652
20231208_500101009_13:11,8.279928
20231208_500101009_13:12,8.202371
20231208_500101009_13:13,8.140916
20231208_500101009_13:14,7.979901
20231208_500101009_13:15,7.882025
20231208_500101009_13:16,7.638133
20231208_500101009_13:17,7.460996
20231208_500101009_13:18,7.341877
20231208_500101009_13:19,7.219693
20231208_500101009_13:21,6.806527
20231208_500101009_13:22,6.584362
20231208_500101009_13:23,6.477757
20231208_500101009_13:24,6.498219
20231208_500101009_13:25,6.264166
20231208_500101009_13:26,6.244491
20231208_500101009_13:27,6.101126
20231208_500101009_13:28,5.911690
20231208_500101009_13:29,5.801867
20231208_500101009_13:30,5.772337
20231208_500101009_13:32,5.772408
20231208_500101009_13:33,5.678828
20231208_500101009_13:34,5.539139
20231208_500101009_13:35,5.516277
20231208_500101009_13:36,5.504962
20231208_500101009_13:37,5.564459
20231208_500101009_13:38,5.634381
20231208_500101009_13:39,5.595823
20231208_500101009_13:41,5.304617
20231208_500101009_13:42,5.233297
20231208_500101009_13:43,5.221668
20231208_500101009_13:44,5.219163
20231208_500101009_13:45,5.152466
20231208_500101009_13:46,5.054747
20231208_500101009_13:47,4.969338
20231208_500101009_13:48,4.976526
20231208_500101009_13:49,5.090105
20231208_500101009_13:51,5.321615
20231208_500101009_13:52,5.296230
20231208_500101009_13:53,5.208138
20231208_500101009_13:54,5.147898
20231208_500101009_13:55,5.213899
20231208_500101009_13:56,5.274514
20231208_500101009_13:57,5.311149
20231208_500101009_13:58,5.267855
20231208_500101009_13:59,5.171813
20231208_500101009_14:01,5.150326
20231208_500101009_14:02,5.271446
20231208_500101009_14:03,5.380304
20231208_500101009_14:04,5.389294
20231208_500101009_14:05,5.330844
20231208_500101009_14:06,5.206596
20231208_500101009_14:07,5.147104
20231208_500101009_14:08,5.163220
20231208_500101009_14:09,5.221477
20231208_500101009_14:11,5.139325
20231208_500101009_14:12,5.056078
20231208_500101009_14:13,5.102258
20231208_500101009_14:14,5.274252
20231208_500101009_14:15,5.280788
20231208_500101009_14:16,5.303497
20231208_500101009_14:17,5.186873
20231208_500101009_14:18,5.037694
20231208_500101009_14:19,4.979418
20231208_500101009_14:21,5.137253
20231208_500101009_14:22,5.149682
20231208_500101009_14:23,5.044198
20231208_500101009_14:24,4.903914
20231208_500101009_14:25,4.761228
20231208_500101009_14:26,4.851150
20231208_500101009_14:27,5.005525
20231208_500101009_14:28,5.087669
20231208_500101009_14:29,5.020723
20231208_500101009_14:31,4.734542
20231208_500101009_14:32,4.721066
20231208_500101009_14:33,4.822580
20231208_500101009_14:34,4.914825
20231208_500101009_14:35,4.864805
20231208_500101009_14:36,4.783671
20231208_500101009_14:37,4.744256
20231208_500101009_14:38,4.830994
20231208_500101009_14:39,5.089701
20231208_500101009_14:41,5.420570
20231208_500101009_14:42,5.371852
20231208_500101009_14:43,5.287618
20231208_500101009_14:44,5.286176
20231208_500101009_14:45,5.363150
20231208_500101009_14:46,5.480078
20231208_500101009_14:47,5.498737
20231208_500101009_14:48,5.394036
20231208_500101009_14:49,5.255559
20231208_500101009_14:51,5.289304
20231208_500101009_14:52,5.421569
20231208_500101009_14:53,5.467700
20231208_500101009_14:54,5.345576
20231208_500101009_14:55,5.102549
20231208_500101009_14:56,4.933931
20231208_500101009_14:57,4.892630
20231208_500101009_14:58,4.949872
20231208_500101009_14:59,4.993166
20231208_500101009_15:01,4.812234
20231208_500101009_15:02,4.725685
20231208_500101009_15:03,4.781432
20231208_500101009_15:04,4.961373
20231208_500101009_15:05,5.129951
20231208_500101009_15:06,5.206861
20231208_500101009_15:07,5.126327
20231208_500101009_15:08,5.002755
20231208_500101009_15:09,4.966368
20231208_500101009_15:10,5.066222
20231208_500101009_15:11,5.179276
20231208_500101009_15:12,5.189059
20231208_500101009_15:13,5.063453
20231208_500101009_15:14,4.906801
20231208_500101009_15:15,4.871925
20231208_500101009_15:16,4.926675
20231208_500101009_15:17,4.981968
20231208_500101009_15:18,5.060295
20231208_500101009_15:19,5.058733
20231208_500101009_15:21,4.892380
20231208_500101009_15:22,4.897732
20231208_500101009_15:23,4.927073
20231208_500101009_15:24,4.959485
20231208_500101009_15:25,4.781969
20231208_500101009_15:26,4.719333
20231208_500101009_15:27,4.746745
20231208_500101009_15:28,4.875097
20231208_500101009_15:29,5.043073
20231208_500101009_15:30,5.258829
20231208_500101009_15:32,5.449239
20231208_500101009_15:33,5.410866
20231208_500101009_15:34,5.394268
20231208_500101009_15:35,5.475625
20231208_500101009_15:36,5.540298
20231208_500101009_15:37,5.541437
20231208_500101009_15:38,5.468583
20231208_500101009_15:39,5.382165
20231208_500101009_15:40,5.371133
20231208_500101009_15:41,5.429395
20231208_500101009_15:43,5.691678
20231208_500101009_15:44,5.732558
20231208_500101009_15:45,5.628334
20231208_500101009_15:46,5.519541
20231208_500101009_15:47,5.433032
20231208_500101009_15:48,5.422312
20231208_500101009_15:49,5.454943
20231208_500101009_15:50,5.432817
20231208_500101009_15:51,5.372088
20231208_500101009_15:52,5.303832
20231208_500101009_15:53,5.291848
20231208_500101009_15:54,5.384824
20231208_500101009_15:55,5.589886
20231208_500101009_15:56,5.728856
20231208_500101009_15:57,5.699047
20231208_500101009_15:58,5.609161
20231208_500101009_15:59,5.538216
20231208_500101009_16:01,5.612557
20231208_500101009_16:02,5.680764
20231208_500101009_16:03,5.643711
20231208_500101009_16:04,5.531731
20231208_500101009_16:05,5.420994
20231208_500101009_16:06,5.480094
20231208_500101009_16:07,5.618042
20231208_500101009_16:08,5.753944
20231208_500101009_16:09,5.768332
20231208_500101009_16:10,5.709879
20231208_500101009_16:11,5.637532
20231208_500101009_16:12,5.621269
20231208_500101009_16:13,5.606220
20231208_500101009_16:14,5.639755
20231208_500101009_16:15,5.718414
20231208_500101009_16:16,5.657243
20231208_500101009_16:17,5.646185
20231208_500101009_16:18,5.708098
20231208_500101009_16:19,5.861940
20231208_500101009_16:21,6.144821
20231208_500101009_16:22,6.175162
20231208_500101009_16:23,6.156148
20231208_500101009_16:24,6.155243
20231208_500101009_16:25,6.121589
20231208_500101009_16:26,6.217230
20231208_500101009_16:27,6.313225
20231208_500101009_16:29,6.255203
20231208_500101009_16:31,6.283081
20231208_500101009_16:32,6.408423
20231208_500101009_16:33,6.555088
20231208_500101009_16:34,6.598777
20231208_500101009_16:35,6.647158
20231208_500101009_16:36,6.558135
20231208_500101009_16:37,6.526070
20231208_500101009_16:38,6.569082
20231208_500101009_16:39,6.628667
20231208_500101009_16:40,6.632022
20231208_500101009_16:41,6.567463
20231208_500101009_16:42,6.501700
20231208_500101009_16:43,6.521641
20231208_500101009_16:44,6.653558
20231208_500101009_16:45,6.782228
20231208_500101009_16:46,6.924922
20231208_500101009_16:47,6.979778
20231208_500101009_16:48,7.004414
20231208_500101009_16:49,7.027619
20231208_500101009_16:50,7.073711
20231208_500101009_16:51,7.140466
20231208_500101009_16:52,7.196792
20231208_500101009_16:53,7.223675
20231208_500101009_16:54,7.228190
20231208_500101009_16:55,7.391961
20231208_500101009_16:56,7.471495
20231208_500101009_16:57,7.607816
20231208_500101009_16:58,7.734654
20231208_500101009_16:59,7.786082
20231208_500101009_17:01,7.799231
20231208_500101009_17:02,7.804610
20231208_500101009_17:03,7.849192
20231208_500101009_17:04,7.917324
20231208_500101009_17:05,8.072484
20231208_500101009_17:06,8.139791
20231208_500101009_17:07,8.215098
20231208_500101009_17:08,8.321629
20231208_500101009_17:09,8.468039
20231208_500101009_17:10,8.634136
20231208_500101009_17:11,8.782840
20231208_500101009_17:12,8.900897
20231208_500101009_17:13,8.998508
20231208_500101009_17:15,9.380979
20231208_500101009_17:16,9.449820
20231208_500101009_17:17,9.533648
20231208_500101009_17:18,9.655952
20231208_500101009_17:19,9.734049
20231208_500101009_17:21,9.999345
20231208_500101009_17:22,10.147938
20231208_500101009_17:23,10.317490
20231208_500101009_17:24,10.503263
20231208_500101009_17:26,10.702983
20231208_500101009_17:27,10.750848
20231208_500101009_17:28,10.867872
20231208_500101009_17:29,11.035542
20231208_500101009_17:31,11.281036
20231208_500101009_17:32,11.338720
20231208_500101009_17:33,11.438486
20231208_500101009_17:35,12.047292
20231208_500101009_17:36,12.292096
20231208_500101009_17:38,12.605304
20231208_500101009_17:39,12.698084
20231208_500101009_17:40,12.766262
20231208_500101009_17:41,12.824296
20231208_500101009_17:42,12.874599
20231208_500101009_17:43,12.914968
20231208_500101009_17:44,12.951063
20231208_500101009_17:45,13.084819
20231208_500101009_17:46,13.165443
20231208_500101009_17:47,13.281826
20231208_500101009_17:48,13.417225
20231208_500101009_17:49,13.550911
20231208_500101009_17:50,13.652777
20231208_500101009_17:51,13.758595
20231208_500101009_17:52,13.863433
20231208_500101009_17:53,13.977617
20231208_500101009_17:54,14.094969
20231208_500101009_17:55,14.329116
20231208_500101009_17:56,14.436854
20231208_500101009_17:57,14.560585
20231208_500101009_17:58,14.714458
20231208_500101009_17:59,14.909636
20231208_500101009_18:01,15.357586
20231208_500101009_18:02,15.555010
20231208_500101009_18:03,15.708018
20231208_500101009_18:04,15.814795
20231208_500101009_18:06,16.000000
20231208_500101009_18:07,16.000000
20231208_500101009_18:08,16.000000
20231208_500101009_18:09,16.000000
20231208_500101009_18:10,16.000000
20231208_500101009_18:11,16.000000
20231208_500101009_18:12,16.000000
20231208_500101009_18:13,16.000000
20231208_500101009_18:14,16.000000
20231208_500101009_18:15,16.000000
20231208_500101009_18:16,16.000000
20231208_500101009_18:17,16.000000
20231208_500101009_18:18,16.000000
20231208_500101009_18:19,16.000000
20231208_500101009_18:21,16.000000
20231208_500101009_18:22,16.000000
20231208_500101009_18:23,16.000000
20231208_500101009_18:24,16.000000
20231208_500101009_18:25,16.000000
20231208_500101009_18:26,16.000000
20231208_500101009_18:27,16.000000
20231208_500101009_18:28,16.000000
20231208_500101009_18:29,16.000000
20231208_500101009_18:31,16.000000
20231208_500101009_18:32,16.000000
20231208_500101009_18:33,16.000000
20231208_500101009_18:34,16.000000
20231208_500101009_18:35,16.000000
20231208_500101009_18:36,16.000000
20231208_500101009_18:37,16.000000
20231208_500101009_18:38,16.000000
20231208_500101009_18:39,16.000000
20231208_500101009_18:40,16.000000
20231208_500101009_18:41,16.000000
20231208_500101009_18:42,16.000000
20231208_500101009_18:43,16.000000
20231208_500101009_18:44,16.000000
20231208_500101009_18:45,16.000000
20231208_500101009_18:46,16.000000
20231208_500101009_18:47,16.000000
20231208_500101009_18:48,16.000000
20231208_500101009_18:49,16.000000
20231208_500101009_18:50,16.000000
20231208_500101009_18:51,16.000000
20231208_500101009_18:52,16.000000
20231208_500101009_18:53,16.000000
20231208_500101009_18:54,16.000000
20231208_500101009_18:55,16.000000
20231208_500101009_18:56,16.000000
20231208_500101009_18:57,16.000000
20231208_500101009_18:58,16.000000
20231208_500101009_18:59,16.000000
20231208_500101009_19:01,16.000000
20231208_500101009_19:02,16.000000
20231208_500101009_19:03,16.000000
20231208_500101009_19:04,16.000000
20231208_500101009_19:05,16.000000
20231208_500101009_19:06,16.000000
20231208_500101009_19:07,16.000000
20231208_500101009_19:08,16.000000
20231208_500101009_19:09,16.000000
20231208_500101009_19:10,16.000000
20231208_500101009_19:11,16.000000
20231208_500101009_19:12,16.000000
20231208_500101009_19:13,16.000000
20231208_500101009_19:14,16.000000
20231208_500101009_19:16,16.000000
20231208_500101009_19:18,16.000000
20231208_500101009_19:19,16.000000
20231208_500101009_19:21,16.000000
20231208_500101009_19:22,16.000000
20231208_500101009_19:23,16.000000
20231208_500101009_19:24,16.000000
20231208_500101009_19:25,16.000000
20231208_500101009_19:26,16.000000
20231208_500101009_19:27,16.000000
20231208_500101009_19:28,16.000000
20231208_500101009_19:29,16.000000
20231208_500101009_19:31,16.000000
20231208_500101009_19:32,16.000000
20231208_500101009_19:33,16.000000
20231208_500101009_19:34,16.000000
20231208_500101009_19:35,16.000000
20231208_500101009_19:36,16.000000
20231208_500101009_19:37,16.000000
20231208_500101009_19:38,16.000000
20231208_500101009_19:39,16.000000
20231208_500101009_19:40,16.000000
20231208_500101009_19:41,16.000000
20231208_500101009_19:42,16.000000
20231208_500101009_19:43,16.000000
20231208_500101009_19:44,16.000000
20231208_500101009_19:45,16.000000
20231208_500101009_19:46,16.000000
20231208_500101009_19:47,16.000000
20231208_500101009_19:48,16.000000
20231208_500101009_19:49,16.000000
20231208_500101009_19:50,16.000000
20231208_500101009_19:51,16.000000
20231208_500101009_19:52,16.000000
20231208_500101009_19:53,16.000000
20231208_500101009_19:54,16.000000
20231208_500101009_19:55,16.000000
20231208_500101009_19:56,16.000000
20231208_500101009_19:57,16.000000
20231208_500101009_19:58,16.000000
20231208_500101009_19:59,16.000000
20231208_500101009_20:01,15.880778
20231208_500101009_20:02,15.801805
20231208_500101009_20:03,15.792118
20231208_500101009_20:04,15.768471
20231208_500101009_20:05,15.814039
20231208_500101009_20:06,15.729773
20231208_500101009_20:07,15.654289
20231208_500101009_20:08,15.598217
20231208_500101009_20:09,15.534191
20231208_500101009_20:10,15.420331
20231208_500101009_20:11,15.239583
20231208_500101009_20:12,15.019682
20231208_500101009_20:13,14.814340
20231208_500101009_20:14,14.661469
20231208_500101009_20:15,14.583418
20231208_500101009_20:16,14.465796
20231208_500101009_20:17,14.342485
20231208_500101009_20:18,14.204888
20231208_500101009_20:19,14.068437
20231208_500101009_20:21,13.855496
20231208_500101009_20:22,13.750664
20231208_500101009_20:23,13.614046
20231208_500101009_20:24,13.447716
20231208_500101009_20:25,13.369801
20231208_500101009_20:26,13.250535
20231208_500101009_20:27,13.191973
20231208_500101009_20:28,13.176869
20231208_500101009_20:29,13.171064
20231208_500101009_20:31,13.125522
20231208_500101009_20:32,13.108284
20231208_500101009_20:33,13.106717
20231208_500101009_20:34,13.100729
20231208_500101009_20:35,12.998440
20231208_500101009_20:36,12.899763
20231208_500101009_20:37,12.762601
20231208_500101009_20:38,12.627988
20231208_500101009_20:39,12.531156
20231208_500101009_20:40,12.476680
20231208_500101009_20:41,12.440084
20231208_500101009_20:42,12.393205
20231208_500101009_20:43,12.329407
20231208_500101009_20:44,12.265958
20231208_500101009_20:45,12.316520
20231208_500101009_20:46,12.237016
20231208_500101009_20:47,12.152283
20231208_500101009_20:48,12.047899
20231208_500101009_20:49,11.920974
20231208_500101009_20:50,11.788077
20231208_500101009_20:51,11.676544
20231208_500101009_20:52,11.605471
20231208_500101009_20:53,11.572290
20231208_500101009_20:54,11.556047
20231208_500101009_20:55,11.566471
20231208_500101009_20:56,11.528437
20231208_500101009_20:57,11.478341
20231208_500101009_20:58,11.421281
20231208_500101009_20:59,11.351357
20231208_500101009_21:01,11.111313
20231208_500101009_21:02,10.933720
20231208_500101009_21:03,10.743796
20231208_500101009_21:04,10.570019
20231208_500101009_21:05,10.480843
20231208_500101009_21:06,10.359722
20231208_500101009_21:07,10.242173
20231208_500101009_21:08,10.115304
20231208_500101009_21:09,9.981617
20231208_500101009_21:10,9.852688
20231208_500101009_21:11,9.734530
20231208_500101009_21:12,9.619564
20231208_500101009_21:13,9.493647
20231208_500101009_21:14,9.352039
20231208_500101009_21:15,9.296331
20231208_500101009_21:16,9.179474
20231208_500101009_21:17,9.109927
20231208_500101009_21:18,9.088186
20231208_500101009_21:19,9.094811
20231208_500101009_21:21,9.162457
20231208_500101009_21:22,9.236673
20231208_500101009_21:23,9.279160
20231208_500101009_21:24,9.271338
20231208_500101009_21:25,9.285872
20231208_500101009_21:26,9.248762
20231208_500101009_21:27,9.169787
20231208_500101009_21:28,9.057824
20231208_500101009_21:29,8.940936
20231208_500101009_21:31,8.803439
20231208_500101009_21:32,8.750575
20231208_500101009_21:33,8.713561
20231208_500101009_21:34,8.669551
20231208_500101009_21:35,8.634880
20231208_500101009_21:36,8.537936
20231208_500101009_21:37,8.423278
20231208_500101009_21:38,8.335043
20231208_500101009_21:39,8.228468
20231208_500101009_21:40,8.094879
20231208_500101009_21:41,7.968046
20231208_500101009_21:42,7.888893
20231208_500101009_21:43,7.872673
20231208_500101009_21:44,7.907383
20231208_500101009_21:45,8.033354
20231208_500101009_21:46,8.026525
20231208_500101009_21:47,7.983841
20231208_500101009_21:48,7.971343
20231208_500101009_21:49,8.004248
20231208_500101009_21:50,8.020505
20231208_500101009_21:51,7.948828
20231208_500101009_21:52,7.776952
20231208_500101009_21:53,7.572734
20231208_500101009_21:54,7.432407
20231208_500101009_21:55,7.408658
20231208_500101009_21:56,7.462181
20231208_500101009_21:57,7.481434
20231208_500101009_21:58,7.388757
20231208_500101009_21:59,7.232511
20231208_500101009_22:01,7.070101
20231208_500101009_22:02,7.072976
20231208_500101009_22:03,7.099617
20231208_500101009_22:04,6.999074
20231208_500101009_22:05,6.799151
20231208_500101009_22:06,6.705962
20231208_500101009_22:07,6.717942
20231208_500101009_22:08,6.828001
20231208_500101009_22:09,7.041095
20231208_500101009_22:10,7.177020
20231208_500101009_22:11,7.203819
20231208_500101009_22:12,7.197269
20231208_500101009_22:13,7.256392
20231208_500101009_22:14,7.399070
20231208_500101009_22:15,7.614845
20231208_500101009_22:16,7.629340
20231208_500101009_22:17,7.485744
20231208_500101009_22:18,7.312184
20231208_500101009_22:19,7.242620
20231208_500101009_22:21,7.306055
20231208_500101009_22:22,7.328567
20231208_500101009_22:23,7.311562
20231208_500101009_22:24,7.268111
20231208_500101009_22:25,7.209583
20231208_500101009_22:26,7.215457
20231208_500101009_22:27,7.228430
20231208_500101009_22:28,7.215561
20231208_500101009_22:29,7.163945
20231208_500101009_22:31,6.995973
20231208_500101009_22:32,6.934656
20231208_500101009_22:33,6.920265
20231208_500101009_22:34,6.916328
20231208_500101009_22:35,6.930646
20231208_500101009_22:36,6.947033
20231208_500101009_22:37,7.013177
20231208_500101009_22:38,7.075821
20231208_500101009_22:39,7.129753
20231208_500101009_22:40,7.146432
20231208_500101009_22:41,7.111124
20231208_500101009_22:42,7.076664
20231208_500101009_22:43,7.042447
20231208_500101009_22:44,7.025739
20231208_500101009_22:45,6.997881
20231208_500101009_22:46,6.929345
20231208_500101009_22:47,6.849206
20231208_500101009_22:48,6.791931
20231208_500101009_22:49,6.770867
20231208_500101009_22:50,6.785889
20231208_500101009_22:51,6.801096
20231208_500101009_22:52,6.796713
20231208_500101009_22:53,6.759728
20231208_500101009_22:54,6.699831
20231208_500101009_22:55,6.635591
20231208_500101009_22:56,6.589059
20231208_500101009_22:57,6.556852
20231208_500101009_22:58,6.530336
20231208_500101009_22:59,6.508031
20231208_500101009_23:01,6.555037
20231208_500101009_23:02,6.635072
20231208_500101009_23:04,6.861118
20231208_500101009_23:05,6.897144
20231208_500101009_23:07,6.986539
20231208_500101009_23:08,6.970701
20231208_500101009_23:09,6.968519
20231208_500101009_23:10,6.986841
20231208_500101009_23:11,6.997413
20231208_500101009_23:12,7.024423
20231208_500101009_23:14,7.155412
20231208_500101009_23:15,7.153876
20231208_500101009_23:16,7.168290
20231208_500101009_23:17,7.156705
20231208_500101009_23:18,7.128988
20231208_500101009_23:19,7.102772
20231208_500101009_23:21,7.091111
20231208_500101009_23:22,7.084001
20231208_500101009_23:23,7.078863
20231208_500101009_23:24,7.089714
20231208_500101009_23:25,7.109196
20231208_500101009_23:26,7.124579
20231208_500101009_23:27,7.138793
20231208_500101009_23:28,7.156535
20231208_500101009_23:29,7.172470
20231208_500101009_23:30,7.170377
20231208_500101009_23:31,7.135288
20231208_500101009_23:32,7.068047
20231208_500101009_23:33,6.988579
20231208_500101009_23:34,6.923846
20231208_500101009_23:35,6.919400
20231208_500101009_23:36,6.912927
20231208_500101009_23:37,6.918116
20231208_500101009_23:38,6.937187
20231208_500101009_23:39,6.923128
20231208_500101009_23:40,6.920932
20231208_500101009_23:41,6.932501
20231208_500101009_23:42,7.011232
20231208_500101009_23:43,7.087172
20231208_500101009_23:44,7.093748
20231208_500101009_23:45,6.997760
20231208_500101009_23:46,6.914570
20231208_500101009_23:47,6.887369
20231208_500101009_23:48,6.943482
20231208_500101009_23:49,7.051538
20231208_500101009_23:50,7.216354
20231208_500101009_23:51,7.332103
20231208_500101009_23:52,7.353413
20231208_500101009_23:53,7.400393
20231208_500101009_23:54,7.553494
20231208_500101009_23:55,7.768901
20231208_500101009_23:56,7.913673
20231208_500101009_23:57,7.926496
20231208_500101009_23:58,7.807289
20231208_500101009_23:59,7.698809
